1309
1302
1299
1300
1303
1301
1297
1293
1291
1294
1296
1294
1292
1291
1294
1297
1300
1299
1298
1298
1301
1304
1303
1293
1288
1295
1302
1296
1281
1264
1253
1247
1239
1222
1201
1183
1166
1143
1121
1105
1089
1074
1085
1137
1208
1270
1329
1394
1460
1518
1578
1643
1708
1765
1826
1899
1974
2036
2095
2162
2230
2288
2346
2413
2484
2549
2614
2674
2700
2669
2609
2550
2496
2433
2366
2295
2227
2162
2100
2037
1975
1913
1851
1787
1722
1657
1595
1532
1468
1401
1336
1275
1216
1152
1083
1011
952
921
922
948
987
1024
1053
1074
1097
1127
1158
1182
1199
1212
1227
1246
1268
1286
1294
1290
1287
1295
1303
1300
1293
1293
1300
1309
1312
1303
1294
1293
1297
1296
1296
1299
1308
1317
1318
1305
1292
1291
1299
1304
1304
1300
1297
1299
1300
1295
1293
1297
1304
1304
1304
1307
1306
1293
1284
1288
1299
1305
1306
1303
1301
1300
1299
1295
1294
1300
1309
1315
1317
1314
1307
1296
1294
1307
1317
1306
1292
1293
1303
1309
1314
1318
1316
1303
1294
1298
1307
1309
1305
1300
1299
1302
1304
1297
1292
1297
1303
1299
1296
1304
1309
1300
1293
1303
1316
1317
1308
1299
1293
1292
1298
1306
1308
1299
1290
1293
1299
1296
1292
1295
1301
1302
1300
1300
1303
1307
1308
1302
1295
1291
1290
1287
1286
1288
1292
1295
1300
1307
1313
1315
1309
1297
1290
1294
1300
1296
1290
1291
1296
1296
1297
1300
1301
1296
1293
1298
1306
1307
1303
1296
1293
1298
1309
1318
1325
1327
1328
1330
1330
1326
1325
1331
1340
1343
1343
1346
1349
1352
1355
1361
1365
1364
1367
1376
1384
1382
1378
1381
1386
1383
1384
1393
1400
1393
1385
1388
1394
1392
1391
1397
1405
1408
1411
1420
1429
1430
1428
1427
1427
1426
1430
1438
1446
1446
1446
1448
1450
1448
1448
1454
1460
1458
1454
1451
1452
1454
1461
1470
1475
1470
1465
1468
1477
1485
1490
1491
1491
1492
1493
1492
1492
1493
1494
1491
1491
1495
1503
1510
1511
1505
1503
1512
1521
1515
1508
1511
1521
1526
1527
1525
1524
1523
1525
1531
1534
1530
1528
1533
1538
1532
1528
1535
1546
1549
1549
1550
1550
1543
1536
1533
1537
1544
1550
1548
1545
1546
1548
1544
1541
1540
1544
1548
1551
1550
1550
1557
1561
1556
1550
1550
1554
1552
1549
1547
1548
1548
1551
1555
1560
1562
1557
1544
1540
1551
1565
1563
1551
1542
1545
1556
1564
1558
1549
1548
1553
1555
1552
1545
1537
1532
1530
1530
1534
1540
1540
1530
1519
1516
1522
1528
1528
1518
1507
1503
1502
1497
1489
1484
1485
1492
1494
1480
1466
1462
1466
1464
1462
1461
1457
1443
1432
1429
1429
1423
1418
1417
1420
1421
1416
1403
1392
1389
1390
1385
1380
1378
1375
1365
1355
1348
1345
1343
1340
1332
1326
1323
1321
1313
1305
1301
1300
1297
1295
1295
1297
1298
1303
1308
1308
1297
1291
1300
1311
1308
1301
1301
1303
1300
1296
1297
1300
1299
1297
1297
1300
1305
1305
1297
1294
1301
1311
1313
1308
1301
1298
1297
1300
1303
1304
1301
1297
1292
1293
1300
1307
1308
1307
1308
1315
1323
1330
1332
1336
1345
1347
1337
1331
1345
1363
1364
1360
1363
1367
1361
1358
1365
1373
1371
1362
1352
1349
1355
1360
1352
1342
1341
1345
1343
1340
1338
1334
1326
1320
1317
1315
1308
1301
1297
1297
1299
1302
1305
1305
1301
1299
1301
1307
1310
1311
1306
1303
1303
1303
1299
1297
1300
1304
1304
1300
1294
1294
1300
1307
1307
1304
1302
1302
1300
1302
1309
1310
1297
1286
1287
1295
1297
1298
1303
1305
1299
1296
1302
1308
1302
1296
1297
1304
1310
1311
1306
1301
1302
1306
1306
1307
1311
1313
1310
1304
1298
1299
1305
1308
1300
1291
1292
1298
1298
1299
1305
1309
1303
1298
1301
1306
1304
1302
1302
1304
1303
1302
1301
1300
1295
1292
1292
1297
1305
1312
1310
1305
1301
1301
1302
1302
1300
1302
1308
1315
1316
1313
1308
1305
1306
1308
1305
1299
1293
1293
1300
1306
1303
1298
1298
1301
1300
1300
1303
1306
1302
1300
1305
1310
1307
1300
1294
1295
1303
1307
1302
1294
1280
1277
1282
1293
1308
1368
1413
1422
1377
1293
1109
963
910
1009
1299
1903
2640
3425
4162
4764
5048
5146
5098
4954
4768
4688
4652
4657
4691
4749
4776
4793
4783
4762
4750
4758
4761
4759
4753
4749
4749
4756
4766
4769
4763
4755
4757
4765
4769
4770
4769
4770
4769
4769
4767
4764
4760
4759
4760
4766
4772
4776
4776
4773
4765
4760
4761
4762
4759
4756
4757
4760
4760
4759
4756
4756
4763
4768
4764
4760
4762
4768
4769
4768
4766
4764
4758
4758
4767
4775
4769
4764
4768
4775
4775
4768
4759
4756
4758
4764
4763
4760
4755
4753
4754
4756
4758
4759
4759
4760
4759
4758
4756
4757
4763
4768
4768
4766
4765
4765
4760
4757
4759
4763
4766
4767
4769
4769
4765
4767
4777
4788
4789
4786
4785
4790
4797
4803
4805
4809
4816
4823
4823
4823
4830
4835
4834
4832
4832
4839
4847
4853
4851
4847
4847
4853
4861
4870
4872
4873
4874
4877
4881
4885
4887
4888
4886
4888
4895
4904
4906
4906
4905
4908
4912
4914
4910
4910
4918
4924
4916
4910
4917
4926
4923
4917
4920
4924
4921
4919
4923
4931
4937
4938
4934
4929
4927
4931
4936
4939
4934
4928
4927
4931
4936
4934
4924
4916
4920
4925
4916
4905
4902
4903
4899
4891
4883
4879
4879
4880
4877
4871
4864
4860
4856
4850
4839
4826
4815
4810
4808
4805
4793
4779
4770
4762
4756
4755
4761
4766
4760
4752
4751
4756
4761
4761
4757
4753
4753
4757
4757
4757
4758
4760
4762
4761
4758
4757
4760
4762
4757
4753
4756
4761
4759
4756
4758
4761
4759
4757
4754
4757
4763
4767
4763
4755
4752
4754
4757
4762
4766
4768
4764
4761
4762
4762
4760
4758
4761
4766
4769
4771
4772
4772
4769
4765
4763
4763
4761
4762
4764
4767
4766
4764
4765
4767
4770
4773
4770
4768
4766
4766
4763
4759
4752
4740
4723
4712
4714
4717
4703
4686
4677
4667
4646
4621
4604
4592
4578
4558
4533
4535
4583
4660
4736
4802
4862
4923
4986
5052
5112
5172
5231
5294
5358
5421
5483
5548
5616
5685
5746
5809
5877
5945
6001
6060
6124
6159
6136
6076
6010
5947
5883
5818
5749
5684
5628
5575
5510
5443
5380
5323
5264
5200
5128
5056
4993
4937
4878
4815
4746
4679
4616
4552
4483
4419
4378
4374
4408
4454
4485
4509
4535
4563
4588
4609
4630
4651
4673
4693
4706
4719
4733
4742
4744
4747
4760
4774
4777
4770
4759
4753
4756
4765
4772
4775
4776
4775
4769
4764
4761
4760
4758
4759
4762
4765
4762
4761
4764
4766
4759
4754
4755
4759
4759
4760
4763
4764
4759
4752
4739
4719
4688
4659
4643
4639
4635
4636
4644
4653
4649
4648
4655
4658
4646
4637
4644
4655
4653
4650
4651
4651
4640
4633
4643
4664
4679
4696
4718
4742
4754
4762
4765
4764
4758
4755
4758
4765
4770
4772
4767
4761
4755
4757
4768
4773
4761
4749
4754
4764
4764
4761
4762
4765
4765
4761
4755
4752
4752
4753
4749
4748
4756
4764
4764
4758
4756
4758
4763
4764
4756
4749
4750
4760
4769
4771
4765
4757
4752
4755
4761
4765
4762
4756
4750
4748
4754
4762
4767
4768
4766
4766
4770
4774
4772
4766
4760
4754
4748
4751
4764
4773
4768
4761
4765
4768
4760
4755
4762
4773
4775
4773
4772
4776
4782
4787
4789
4790
4793
4799
4804
4810
4814
4816
4816
4814
4812
4813
4817
4824
4831
4834
4830
4828
4835
4844
4848
4849
4851
4855
4860
4862
4858
4856
4861
4865
4860
4855
4857
4863
4867
4872
4877
4882
4883
4883
4884
4889
4895
4900
4899
4896
4894
4898
4908
4918
4922
4919
4915
4918
4929
4938
4934
4925
4922
4924
4926
4928
4930
4933
4933
4936
4942
4947
4948
4946
4945
4946
4948
4953
4959
4966
4970
4970
4966
4964
4967
4973
4975
4975
4972
4970
4965
4964
4969
4976
4980
4979
4974
4973
4979
4985
4983
4978
4974
4977
4987
4998
5002
4998
4989
4986
4994
5001
4995
4988
4996
5008
5008
5002
4997
4998
5002
5007
5007
5008
5014
5019
5016
5013
5014
5018
5017
5015
5013
5013
5013
5016
5020
5022
5016
5012
5016
5022
5021
5018
5020
5023
5019
5013
5007
5008
5013
5017
5013
5009
5012
5019
5022
5023
5022
5022
5020
5015
5006
5002
5006
5008
4999
4990
4991
4997
4998
4998
4997
4995
4989
4984
4983
4984
4982
4979
4973
4967
4961
4957
4956
4957
4955
4952
4947
4943
4937
4933
4931
4927
4918
4910
4906
4906
4901
4896
4891
4890
4891
4890
4884
4873
4858
4850
4852
4858
4857
4850
4837
4826
4821
4823
4825
4823
4810
4798
4796
4797
4792
4781
4768
4762
4762
4765
4762
4758
4756
4760
4769
4773
4768
4764
4770
4773
4757
4743
4745
4758
4767
4767
4762
4760
4761
4765
4763
4759
4756
4758
4764
4767
4761
4755
4756
4757
4749
4744
4748
4756
4761
4760
4754
4755
4766
4775
4770
4761
4758
4764
4771
4778
4780
4783
4786
4791
4793
4796
4799
4801
4800
4797
4800
4805
4809
4811
4810
4810
4813
4821
4831
4831
4816
4805
4811
4821
4818
4814
4821
4826
4815
4802
4802
4807
4804
4801
4801
4799
4789
4777
4772
4771
4768
4765
4765
4766
4765
4764
4763
4762
4760
4760
4763
4763
4755
4751
4757
4767
4771
4772
4776
4778
4773
4767
4765
4764
4761
4761
4765
4769
4765
4762
4765
4771
4771
4767
4761
4762
4770
4781
4786
4780
4766
4757
4760
4770
4773
4769
4761
4753
4747
4750
4763
4773
4771
4764
4759
4761
4765
4766
4761
4756
4760
4767
4768
4766
4762
4761
4762
4763
4759
4755
4756
4760
4761
4761
4758
4753
4745
4745
4756
4766
4767
4764
4765
4766
4759
4756
4761
4767
4764
4758
4757
4760
4761
4760
4756
4755
4761
4764
4757
4753
4762
4773
4771
4761
4749
4749
4763
4773
4764
4752
4753
4760
4761
4759
4759
4763
4767
4770
4769
4763
4755
4752
4758
4764
4761
4756
4757
4761
4764
4765
4768
4768
4763
4757
4754
4755
4757
4763
4771
4775
4771
4765
4764
4766
4762
4758
4757
4758
4756
4753
4753
4755
4755
4757
4759
4760
4754
4752
4758
4764
4761
4757
4757
4760
4760
4760
4761
4761
4755
4752
4756
4764
4769
4770
4764
4759
4758
4757
4754
4754
4761
4770
4772
4768
4760
4757
4762
4771
4774
4773
4771
4766
4758
4756
4764
4775
4777
4773
4764
4761
4767
4775
4772
4768
4768
4770
4766
4762
4762
4763
4763
4763
4763
4764
4762
4765
4773
4779
4775
4766
4761
4760
4759
4761
4766
4769
4763
4751
4733
4713
4698
4684
4665
4648
4640
4640
4641
4647
4654
4655
4649
4644
4649
4654
4649
4644
4648
4656
4657
4644
4626
4617
4628
4646
4659
4677
4710
4748
4775
4780
4774
4767
4767
4771
4774
4773
4771
4771
4777
4783
4787
4794
4804
4813
4813
4814
4819
4826
4830
4830
4831
4832
4831
4833
4840
4849
4852
4851
4849
4852
4862
4873
4876
4878
4882
4884
4876
4871
4876
4885
4890
4893
4896
4901
4903
4903
4900
4899
4903
4908
4907
4907
4912
4921
4927
4928
4922
4916
4915
4917
4918
4923
4930
4938
4939
4936
4932
4929
4925
4926
4932
4938
4936
4932
4932
4934
4930
4927
4928
4929
4928
4924
4917
4914
4917
4918
4907
4897
4897
4898
4889
4877
4869
4866
4864
4863
4858
4853
4847
4839
4828
4820
4817
4819
4816
4809
4797
4783
4767
4758
4757
4758
4753
4754
4766
4775
4768
4759
4766
4773
4766
4757
4757
4764
4766
4766
4764
4763
4764
4765
4764
4764
4763
4766
4768
4768
4761
4758
4764
4769
4766
4761
4763
4768
4768
4766
4763
4766
4773
4777
4770
4759
4753
4755
4758
4765
4770
4769
4760
4752
4753
4759
4759
4756
4752
4754
4763
4772
4774
4769
4759
4755
4757
4761
4758
4755
4757
4760
4755
4749
4748
4752
4755
4759
4760
4764
4768
4768
4760
4749
4745
4742
4731
4717
4704
4696
4687
4673
4652
4630
4614
4600
4581
4558
4537
4544
4593
4665
4732
4796
4862
4930
4994
5057
5120
5183
5243
5306
5375
5437
5487
5541
5613
5691
5758
5820
5881
5944
6002
6065
6131
6166
6143
6080
6008
5944
5888
5832
5765
5696
5637
5577
5500
5427
5370
5319
5259
5190
5119
5051
4988
4928
4866
4804
4739
4679
4620
4555
4482
4414
4371
4372
4413
4466
4499
4517
4534
4557
4585
4614
4638
4657
4670
4687
4709
4726
4729
4737
4763
4781
4770
4753
4752
4762
4768
4768
4763
4758
4757
4758
4760
4761
4759
4758
4758
4760
4760
4759
4758
4758
4759
4765
4775
4782
4779
4770
4758
4754
4759
4768
4773
4772
4767
4763
4761
4764
4768
4768
4761
4754
4757
4765
4766
4768
4774
4779
4775
4768
4762
4757
4755
4759
4768
4771
4762
4755
4760
4769
4769
4762
4756
4756
4762
4770
4774
4771
4764
4763
4773
4781
4776
4768
4766
4766
4759
4755
4762
4768
4763
4757
4762
4771
4775
4772
4763
4759
4766
4773
4768
4760
4762
4768
4768
4764
4758
4759
4766
4771
4765
4758
4762
4767
4762
4755
4754
4760
4766
4773
4779
4780
4776
4768
4760
4755
4753
4755
4755
4754
4753
4756
4766
4774
4771
4766
4764
4762
4753
4746
4749
4756
4761
4765
4769
4770
4763
4757
4758
4761
4762
4762
4763
4766
4767
4767
4766
4766
4767
4773
4784
4792
4792
4786
4781
4780
4780
4787
4798
4806
4801
4796
4801
4808
4807
4807
4813
4823
4829
4830
4827
4825
4829
4837
4843
4847
4850
4852
4851
4853
4859
4861
4851
4848
4863
4882
4883
4877
4877
4883
4888
4889
4886
4886
4891
4896
4893
4890
4894
4901
4904
4905
4909
4914
4917
4920
4921
4920
4914
4910
4910
4914
4917
4920
4921
4923
4925
4930
4935
4936
4932
4930
4938
4952
4961
4965
4964
4962
4961
4963
4966
4971
4976
4980
4981
4983
4983
4980
4971
4964
4968
4975
4977
4980
4985
4989
4986
4984
4986
4989
4991
4991
4990
4991
4996
5002
5001
4999
4999
5003
5007
5007
4999
4994
4998
5008
5015
5016
5010
5009
5018
5027
5024
5017
5015
5017
5014
5012
5010
5014
5023
5028
5023
5018
5021
5026
5021
5016
5019
5022
5019
5016
5022
5029
5026
5020
5014
5013
5018
5023
5023
5022
5022
5023
5019
5013
5006
5000
4996
4995
4999
5005
5006
5010
5016
5017
5002
4990
4992
5002
5002
4998
4993
4990
4986
4979
4955
4927
4898
4871
4847
4832
4824
4821
4820
4824
4827
4826
4814
4804
4808
4814
4810
4804
4804
4804
4794
4785
4783
4780
4766
4750
4745
4746
4746
4748
4758
4774
4794
4815
4831
4836
4833
4827
4821
4814
4805
4797
4792
4788
4781
4772
4769
4767
4762
4757
4754
4758
4768
4771
4760
4751
4761
4775
4776
4767
4757
4755
4760
4766
4766
4760
4754
4754
4761
4768
4767
4764
4764
4770
4775
4775
4771
4769
4772
4776
4771
4763
4758
4759
4763
4777
4781
4781
4779
4774
4717
4669
4649
4677
4758
4948
5096
5145
5046
4764
4172
3444
2661
1928
1340
1062
965
1015
1162
1349
1432
1470
1455
1407
1353
1347
1344
1343
1346
1354
1353
1353
1349
1343
1340
1340
1342
1344
1343
1339
1330
1322
1319
1316
1309
1304
1306
1308
1300
1293
1295
1304
1309
1310
1306
1301
1298
1300
1305
1309
1307
1304
1306
1308
1305
1303
1306
1307
1300
1296
1301
1309
1311
1304
1292
1288
1298
1309
1305
1299
1302
1304
1296
1289
1292
1301
1305
1305
1302
1300
1298
1301
1305
1306
1298
1292
1296
1301
1298
1297
1303
1308
1300
1290
1288
1295
1302
1305
1300
1295
1295
1302
1308
1309
1302
1295
1296
1299
1297
1297
1305
1312
1309
1303
1302
1305
1304
1302
1299
1297
1296
1295
1290
1291
1299
1308
1308
1304
1301
1304
1308
1310
1306
1302
1303
1303
1295
1292
1301
1309
1304
1295
1295
1299
1299
1299
1301
1304
1306
1306
1305
1304
1305
1306
1304
1302
1299
1299
1299
1298
1295
1293
1294
1300
1306
1309
1304
1299
1299
1302
1300
1299
1301
1305
1306
1304
1301
1303
1310
1314
1306
1298
1298
1304
1306
1306
1306
1305
1300
1299
1303
1308
1304
1298
1296
1301
1311
1315
1307
1299
1304
1314
1315
1311
1305
1302
1303
1306
1308
1307
1303
1300
1297
1298
1304
1306
1300
1292
1291
1297
1304
1308
1305
1304
1311
1316
1308
1298
1295
1297
1297
1296
1296
1300
1305
1306
1299
1294
1298
1305
1302
1299
1302
1306
1302
1296
1294
1298
1304
1312
1318
1321
1320
1314
1303
1299
1309
1317
1306
1293
1294
1306
1316
1317
1308
1298
1296
1300
1300
1300
1301
1299
1292
1289
1298
1307
1306
1303
1308
1312
1306
1299
1299
1304
1306
1308
1312
1314
1309
1301
1292
1287
1285
1288
1295
1302
1302
1299
1295
1296
1302
1308
1308
1313
1329
1345
1347
1343
1343
1350
1360
1364
1358
1358
1374
1391
1391
1384
1385
1386
1380
1378
1389
1400
1395
1389
1394
1405
1411
1414
1416
1421
1428
1432
1427
1426
1437
1448
1445
1438
1438
1445
1448
1450
1450
1451
1452
1455
1458
1460
1460
1459
1455
1455
1458
1462
1463
1463
1462
1463
1465
1468
1469
1473
1479
1482
1474
1465
1464
1469
1475
1478
1474
1469
1466
1466
1464
1464
1464
1460
1450
1446
1454
1460
1449
1433
1422
1418
1415
1412
1407
1403
1400
1396
1387
1381
1382
1378
1357
1342
1346
1351
1335
1313
1302
1303
1306
1309
1307
1302
1293
1291
1297
1303
1298
1292
1293
1299
1302
1305
1307
1306
1299
1299
1310
1319
1313
1302
1299
1300
1296
1293
1294
1299
1304
1307
1306
1305
1307
1311
1312
1311
1307
1304
1306
1306
1298
1294
1301
1308
1304
1299
1301
1305
1303
1303
1311
1317
1310
1301
1300
1302
1300
1300
1305
1311
1312
1308
1301
1298
1300
1305
1304
1302
1301
1303
1304
1303
1300
1298
1300
1306
1311
1312
1303
1290
1276
1267
1259
1251
1240
1227
1213
1198
1181
1166
1153
1142
1127
1101
1065
1061
1118
1202
1271
1329
1392
1461
1527
1594
1659
1722
1782
1840
1896
1958
2031
2100
2154
2207
2273
2347
2414
2478
2540
2606
2668
2695
2663
2602
2546
2491
2422
2357
2304
2249
2174
2099
2038
1985
1922
1857
1795
1737
1678
1614
1542
1469
1400
1336
1271
1212
1158
1099
1028
958
908
897
928
979
1021
1051
1075
1099
1125
1151
1173
1192
1213
1231
1243
1253
1265
1276
1283
1293
1310
1322
1318
1308
1305
1306
1305
1304
1305
1304
1293
1288
1298
1310
1307
1300
1299
1303
1304
1301
1297
1297
1303
1311
1312
1310
1308
1301
1287
1281
1295
1311
1310
1304
1306
1309
1302
1297
1302
1311
1313
1312
1311
1309
1300
1294
1295
1302
1306
1307
1305
1301
1297
1300
1310
1319
1315
1306
1302
1304
1305
1306
1306
1302
1293
1295
1312
1326
1316
1299
1295
1302
1309
1312
1309
1303
1296
1296
1302
1310
1312
1310
1306
1304
1304
1305
1302
1303
1311
1317
1309
1298
1295
1298
1298
1299
1301
1303
1302
1301
1301
1300
1296
1293
1293
1297
1300
1304
1308
1310
1309
1306
1304
1305
1307
1309
1307
1305
1305
1307
1307
1306
1302
1299
1299
1299
1297
1297
1302
1306
1301
1302
1314
1325
1317
1305
1302
1304
1301
1299
1303
1310
1314
1311
1303
1301
1312
1323
1322
1319
1325
1332
1329
1327
1336
1345
1341
1336
1339
1346
1350
1355
1364
1370
1366
1359
1358
1364
1373
1380
1382
1381
1382
1383
1382
1384
1392
1400
1402
1400
1398
1397
1395
1396
1399
1406
1414
1421
1423
1423
1422
1425
1430
1436
1438
1441
1446
1451
1449
1445
1445
1448
1450
1450
1447
1450
1459
1468
1466
1462
1465
1474
1482
1485
1481
1476
1473
1478
1490
1499
1498
1493
1489
1490
1492
1495
1496
1496
1494
1495
1501
1508
1508
1509
1515
1523
1522
1515
1507
1505
1511
1519
1521
1523
1530
1537
1537
1534
1531
1530
1528
1529
1533
1539
1542
1541
1534
1527
1525
1529
1534
1539
1542
1542
1539
1540
1545
1550
1549
1545
1542
1544
1547
1552
1555
1555
1552
1553
1559
1564
1557
1549
1546
1549
1552
1556
1562
1563
1554
1548
1551
1558
1559
1557
1554
1554
1554
1553
1548
1547
1552
1559
1558
1556
1557
1557
1550
1546
1549
1553
1549
1544
1541
1541
1538
1531
1521
1518
1524
1530
1526
1518
1514
1514
1514
1512
1507
1501
1497
1496
1494
1490
1483
1476
1470
1472
1479
1483
1473
1459
1449
1447
1450
1452
1446
1438
1433
1433
1433
1428
1415
1406
1406
1406
1394
1382
1379
1381
1377
1374
1375
1372
1357
1343
1338
1339
1336
1327
1315
1306
1303
1303
1299
1294
1288
1289
1298
1306
1305
1304
1313
1319
1310
1299
1298
1301
1298
1297
1300
1304
1304
1301
1298
1301
1308
1311
1299
1289
1293
1303
1306
1304
1303
1300
1293
1287
1286
1290
1295
1298
1295
1293
1296
1301
1302
1302
1302
1303
1303
1306
1312
1319
1324
1328
1332
1338
1345
1349
1346
1343
1345
1352
1358
1361
1358
1356
1361
1369
1374
1374
1370
1366
1362
1358
1351
1344
1340
1340
1343
1348
1349
1348
1344
1339
1330
1326
1329
1325
1302
1283
1288
1301
1301
1296
1296
1298
1293
1288
1287
1289
1288
1291
1299
1307
1306
1304
1307
1309
1303
1297
1298
1300
1295
1295
1304
1313
1307
1299
1299
1304
1303
1302
1303
1307
1312
1314
1308
1302
1299
1300
1299
1298
1295
1292
1288
1290
1298
1305
1303
1300
1300
1302
1300
1300
1304
1309
1311
1307
1296
1291
1297
1305
1304
1300
1299
1301
1303
1307
1313
1315
1307
1298
1298
1302
1304
1302
1298
1298
1301
1305
1304
1300
1297
1297
1298
1300
1299
1297
1294
1295
1302
1306
1297
1291
1297
1307
1307
1304
1305
1307
1306
1302
1299
1300
1307
1315
1317
1310
1295
1283
1280
1286
1293
1300
1304
1305
1304
1304
1302
1302
1301
1299
1295
1293
1294
1295
1293
1295
1303
1310
1305
1299
1300
1304
1302
1297
1294
1295
1302
1308
1310
1310
1310
1309
1304
1301
1301
1306
1311
1313
1311
1307
1304
1304
1306
1307
1305
1303
1305
1309
1309
1308
1305
1299
1290
1287
1290
1298
1302
1301
1297
1294
1293
1295
1296
1296
1296
1298
1299
1288
1276
1270
1273
1286
1333
1369
1381
1361
1308
1167
1045
997
1072
1298
1758
2334
2965
3590
4142
4490
4701
4797
4809
4770
4758
4744
4740
4747
4757
4751
4753
4759
4761
4760
4761
4764
4768
4770
4765
4760
4757
4758
4760
4765
4770
4772
4768
4766
4773
4790
4790
4782
4774
4765
4706
4660
4645
4679
4763
4955
5101
5147
5044
4757
4158
3424
2639
1905
1310
1023
913
958
1110
1304
1384
1418
1403
1353
1289
1275
1272
1283
1306
1327
1321
1315
1320
1331
1340
1342
1336
1330
1328
1336
1351
1361
1360
1356
1359
1367
1371
1374
1376
1378
1380
1385
1392
1399
1401
1403
1405
1407
1407
1409
1414
1421
1426
1426
1420
1419
1429
1440
1440
1436
1434
1437
1441
1444
1444
1445
1449
1455
1459
1460
1457
1456
1459
1463
1461
1460
1464
1473
1482
1485
1478
1470
1469
1470
1467
1464
1465
1471
1478
1480
1472
1467
1473
1480
1474
1463
1457
1454
1452
1453
1459
1463
1456
1449
1448
1448
1438
1429
1426
1423
1411
1399
1391
1388
1384
1380
1376
1372
1364
1356
1347
1338
1328
1321
1318
1314
1303
1299
1310
1320
1313
1297
1287
1286
1290
1287
1289
1288
1278
1287
1367
1430
1428
1377
1305
1134
983
920
1008
1290
1885
2609
3369
4086
4685
4986
5093
5051
4921
4761
4698
4665
4663
4697
4759
4778
4778
4768
4759
4755
4762
4768
4769
4769
4772
4771
4762
4754
4756
4763
4765
4765
4763
4762
4762
4762
4761
4763
4767
4774
4777
4775
4767
4761
4762
4766
4769
4774
4779
4781
4772
4763
4759
4757
4749
4738
4729
4723
4719
4711
4696
4682
4675
4669
4659
4643
4622
4603
4589
4568
4537
4535
4587
4668
4739
4799
4860
4921
4978
5039
5106
5173
5232
5294
5364
5435
5498
5559
5622
5686
5745
5806
5868
5933
5997
6064
6127
6159
6137
6080
6013
5948
5882
5819
5758
5700
5641
5581
5515
5446
5373
5307
5249
5192
5125
5053
4986
4926
4868
4804
4728
4654
4594
4539
4478
4417
4373
4366
4401
4453
4489
4512
4532
4556
4583
4609
4633
4658
4683
4701
4706
4712
4728
4747
4755
4758
4763
4767
4764
4759
4754
4756
4761
4766
4765
4763
4763
4763
4756
4749
4747
4750
4754
4759
4764
4770
4776
4775
4764
4758
4766
4774
4765
4752
4752
4759
4763
4764
4762
4761
4758
4759
4763
4765
4762
4760
4767
4771
4761
4752
4757
4762
4752
4744
4754
4766
4762
4755
4756
4763
4767
4768
4764
4761
4759
4758
4757
4755
4750
4746
4744
4752
4767
4776
4768
4756
4757
4762
4758
4753
4752
4754
4754
4758
4766
4771
4769
4765
4764
4763
4757
4754
4759
4765
4764
4760
4760
4763
4763
4765
4767
4768
4765
4764
4767
4770
4769
4768
4766
4764
4758
4755
4756
4759
4757
4754
4754
4756
4757
4759
4759
4758
4756
4755
4754
4756
4761
4766
4766
4763
4758
4757
4759
4765
4768
4768
4763
4758
4753
4753
4758
4765
4767
4764
4758
4753
4756
4764
4769
4773
4777
4778
4774
4769
4766
4771
4785
4799
4803
4800
4793
4793
4804
4813
4809
4804
4811
4823
4826
4826
4826
4828
4833
4839
4844
4846
4845
4842
4840
4838
4834
4837
4848
4859
4862
4862
4866
4873
4879
4882
4881
4883
4888
4892
4890
4883
4875
4876
4888
4899
4896
4892
4900
4910
4910
4908
4910
4914
4915
4915
4916
4922
4932
4938
4934
4928
4929
4935
4937
4938
4936
4933
4928
4931
4942
4949
4946
4944
4950
4961
4965
4967
4969
4971
4971
4968
4963
4965
4973
4981
4980
4977
4976
4977
4976
4977
4982
4985
4983
4981
4984
4990
4991
4991
4991
4991
4991
4990
4984
4983
4988
4998
5003
5005
5004
5001
4998
4997
4996
4997
5000
5004
5005
5008
5014
5016
5009
4998
4986
4975
4960
4947
4933
4921
4912
4906
4900
4894
4889
4890
4896
4903
4904
4904
4905
4908
4906
4904
4904
4905
4899
4893
4887
4889
4903
4926
4948
4972
5000
5023
5027
5026
5025
5023
5014
5004
4994
4988
4984
4987
4992
4994
4986
4981
4989
4994
4982
4970
4971
4980
4980
4976
4971
4967
4963
4961
4961
4960
4953
4946
4941
4938
4929
4922
4921
4922
4923
4919
4906
4894
4887
4889
4892
4893
4884
4875
4871
4872
4870
4864
4853
4845
4842
4844
4846
4841
4827
4816
4816
4816
4804
4793
4793
4795
4787
4772
4760
4759
4765
4771
4767
4763
4766
4770
4767
4763
4764
4767
4764
4761
4760
4762
4764
4765
4763
4758
4753
4755
4769
4781
4778
4766
4752
4746
4749
4756
4760
4764
4768
4771
4770
4768
4764
4762
4765
4766
4761
4757
4757
4760
4758
4757
4759
4763
4763
4764
4770
4778
4783
4789
4795
4801
4804
4805
4802
4799
4801
4806
4810
4817
4827
4832
4824
4815
4817
4823
4824
4825
4827
4827
4820
4816
4819
4823
4820
4807
4791
4784
4792
4799
4788
4776
4777
4778
4767
4752
4747
4754
4767
4776
4772
4764
4760
4765
4774
4778
4770
4761
4762
4767
4764
4762
4767
4771
4766
4755
4748
4746
4746
4751
4756
4762
4766
4765
4759
4757
4764
4768
4755
4740
4738
4746
4753
4761
4770
4775
4773
4771
4771
4772
4769
4765
4761
4758
4753
4750
4750
4755
4761
4765
4763
4760
4760
4761
4762
4762
4762
4767
4778
4788
4787
4780
4772
4767
4766
4768
4772
4773
4769
4764
4761
4760
4759
4759
4758
4757
4758
4764
4772
4776
4770
4763
4762
4763
4760
4759
4765
4775
4780
4773
4752
4740
4751
4769
4772
4766
4760
4759
4760
4764
4765
4767
4767
4767
4766
4764
4764
4765
4765
4766
4765
4764
4763
4761
4760
4760
4760
4762
4762
4761
4757
4756
4757
4760
4760
4760
4761
4766
4771
4773
4765
4758
4759
4766
4769
4765
4755
4749
4752
4760
4762
4760
4757
4756
4759
4761
4761
4759
4759
4759
4757
4757
4758
4760
4763
4765
4767
4768
4763
4758
4757
4759
4760
4762
4765
4766
4763
4761
4764
4770
4772
4769
4760
4753
4753
4756
4755
4757
4764
4769
4765
4761
4762
4764
4760
4755
4754
4755
4754
4752
4750
4752
4754
4759
4766
4769
4763
4755
4750
4753
4757
4762
4764
4760
4752
4746
4748
4758
4770
4777
4775
4768
4760
4757
4759
4761
4759
4755
4750
4752
4760
4767
4762
4756
4758
4762
4762
4760
4759
4759
4757
4758
4761
4766
4768
4767
4764
4761
4758
4758
4759
4764
4769
4773
4772
4768
4768
4770
4768
4765
4760
4758
4759
4762
4766
4770
4774
4779
4781
4784
4787
4788
4784
4783
4794
4806
4811
4812
4813
4814
4812
4814
4822
4831
4835
4835
4836
4841
4849
4853
4846
4840
4843
4851
4853
4856
4864
4876
4885
4886
4876
4865
4858
4860
4868
4879
4887
4890
4889
4888
4890
4895
4897
4900
4905
4907
4904
4907
4918
4929
4928
4920
4912
4911
4916
4919
4915
4912
4917
4928
4938
4939
4927
4920
4930
4939
4930
4920
4926
4937
4937
4931
4923
4923
4931
4938
4934
4925
4918
4913
4904
4899
4900
4900
4894
4889
4891
4893
4884
4874
4871
4866
4849
4836
4837
4840
4832
4820
4813
4810
4804
4794
4778
4770
4774
4777
4767
4756
4754
4760
4763
4766
4768
4770
4770
4770
4769
4772
4778
4784
4784
4777
4766
4761
4767
4772
4769
4761
4756
4757
4761
4765
4765
4767
4773
4773
4764
4756
4759
4769
4777
4777
4768
4763
4771
4780
4778
4768
4760
4759
4763
4767
4764
4761
4764
4769
4771
4771
4767
4766
4768
4772
4771
4769
4770
4772
4770
4765
4755
4750
4753
4762
4768
4771
4768
4759
4751
4748
4750
4758
4771
4780
4777
4768
4758
4735
4698
4659
4626
4599
4576
4557
4544
4536
4529
4515
4495
4476
4460
4440
4416
4420
4474
4552
4619
4676
4735
4797
4859
4924
4984
5044
5103
5172
5252
5338
5417
5502
5598
5690
5756
5817
5889
5956
6003
6056
6122
6163
6142
6084
6019
5957
5890
5825
5761
5699
5635
5572
5510
5445
5373
5304
5244
5187
5123
5056
4992
4934
4878
4819
4750
4679
4612
4549
4487
4426
4374
4362
4402
4461
4498
4517
4534
4559
4589
4620
4646
4666
4683
4698
4711
4725
4738
4750
4759
4763
4763
4761
4758
4761
4766
4769
4761
4754
4755
4761
4763
4765
4769
4771
4766
4764
4768
4774
4776
4771
4763
4758
4758
4760
4757
4757
4763
4767
4762
4758
4764
4769
4760
4750
4752
4759
4758
4754
4755
4759
4763
4767
4769
4771
4773
4772
4766
4761
4765
4770
4768
4764
4761
4761
4760
4759
4756
4754
4753
4751
4748
4753
4767
4778
4771
4760
4757
4760
4758
4755
4759
4763
4759
4758
4764
4771
4770
4767
4770
4770
4761
4752
4754
4761
4764
4766
4767
4767
4762
4759
4764
4773
4775
4772
4765
4759
4755
4756
4758
4761
4765
4768
4767
4766
4763
4761
4758
4760
4766
4769
4761
4753
4754
4758
4756
4757
4765
4771
4764
4755
4754
4758
4755
4752
4752
4758
4765
4766
4758
4751
4758
4767
4764
4758
4757
4762
4767
4768
4763
4757
4755
4757
4761
4764
4765
4769
4776
4783
4787
4791
4796
4800
4800
4799
4799
4803
4808
4811
4808
4806
4809
4815
4818
4822
4828
4833
4834
4833
4831
4833
4840
4846
4842
4838
4841
4847
4846
4848
4858
4866
4862
4859
4867
4877
4876
4872
4872
4877
4879
4881
4883
4887
4894
4899
4897
4895
4898
4903
4904
4904
4904
4906
4911
4914
4909
4907
4912
4920
4924
4924
4923
4924
4927
4932
4935
4937
4938
4940
4945
4949
4948
4946
4946
4947
4947
4950
4957
4966
4971
4970
4964
4958
4957
4962
4966
4969
4968
4968
4971
4976
4982
4987
4986
4983
4978
4978
4981
4986
4989
4991
4996
5002
5005
5002
4989
4985
4995
5007
5004
4993
4990
4994
5002
5009
5011
5009
5006
5005
5005
5007
5009
5008
5001
5001
5012
5022
5018
5012
5014
5022
5027
5027
5019
5014
5015
5019
5017
5014
5016
5018
5018
5019
5021
5021
5013
5006
5005
5009
5011
5012
5015
5018
5017
5016
5015
5013
5006
5001
5000
5001
4999
4999
5003
5005
4999
4994
4994
4997
4993
4983
4973
4971
4976
4981
4972
4962
4959
4963
4964
4960
4952
4946
4945
4947
4945
4939
4928
4919
4916
4916
4915
4911
4904
4898
4895
4894
4891
4889
4888
4884
4877
4870
4865
4862
4853
4843
4834
4828
4824
4824
4827
4830
4828
4821
4809
4798
4790
4786
4783
4778
4771
4767
4766
4765
4760
4758
4761
4766
4766
4762
4758
4757
4759
4761
4760
4761
4767
4772
4772
4768
4765
4764
4762
4762
4763
4764
4760
4756
4754
4756
4759
4765
4770
4768
4755
4744
4747
4757
4765
4766
4761
4759
4765
4776
4781
4780
4773
4770
4775
4783
4786
4786
4788
4793
4799
4801
4794
4791
4798
4811
4820
4825
4827
4827
4822
4818
4817
4821
4827
4829
4826
4820
4816
4814
4810
4809
4810
4809
4802
4796
4796
4799
4795
4790
4784
4780
4776
4775
4777
4775
4766
4759
4759
4765
4765
4762
4757
4756
4760
4762
4756
4752
4757
4764
4761
4757
4756
4756
4751
4752
4767
4780
4777
4768
4763
4765
4770
4770
4763
4753
4751
4756
4763
4768
4767
4762
4756
4751
4749
4751
4755
4761
4763
4763
4759
4758
4762
4767
4767
4765
4765
4767
4766
4763
4758
4755
4755
4759
4761
4763
4766
4770
4772
4771
4763
4760
4768
4775
4770
4759
4752
4752
4755
4758
4759
4760
4761
4761
4756
4751
4750
4753
4756
4761
4765
4766
4761
4757
4761
4766
4767
4766
4766
4767
4761
4756
4753
4754
4757
4763
4770
4775
4774
4764
4738
4710
4686
4668
4651
4639
4630
4628
4634
4645
4651
4654
4651
4648
4649
4652
4650
4647
4645
4647
4650
4653
4653
4652
4650
4642
4634
4633
4640
4656
4678
4702
4726
4750
4773
4781
4778
4770
4763
4760
4761
4765
4767
4767
4764
4759
4757
4757
4755
4755
4758
4765
4770
4770
4762
4756
4759
4764
4761
4754
4750
4753
4759
4765
4763
4759
4758
4760
4758
4759
4764
4769
4770
4767
4764
4762
4765
4767
4762
4760
4765
4768
4758
4750
4756
4764
4763
4764
4776
4784
4771
4755
4753
4756
4753
4747
4746
4750
4755
4759
4760
4759
4755
4755
4760
4767
4769
4764
4755
4751
4757
4764
4760
4755
4759
4765
4765
4764
4766
4768
4762
4757
4757
4765
4775
4777
4767
4759
4761
4769
4769
4766
4767
4768
4764
4760
4761
4765
4768
4772
4777
4777
4765
4753
4753
4759
4763
4766
4767
4767
4763
4763
4766
4770
4768
4761
4754
4756
4766
4776
4776
4775
4778
4784
4786
4794
4808
4820
4821
4812
4787
4772
4774
4794
4826
4883
4939
4967
4936
4841
4675
4434
4112
3729
3307
2853
2403
1994
1658
1413
1287
1248
1278
1349
1429
1464
1473
1467
1458
1444
1438
1431
1431
1439
1448
1452
1458
1461
1458
1455
1456
1459
1458
1457
1457
1461
1466
1469
1466
1466
1471
1477
1477
1472
1467
1467
1472
1478
1475
1470
1465
1464
1464
1463
1459
1455
1455
1456
1453
1450
1448
1447
1444
1439
1432
1429
1432
1431
1419
1408
1408
1409
1401
1387
1377
1372
1370
1366
1354
1344
1341
1339
1331
1320
1310
1308
1312
1314
1303
1294
1298
1305
1301
1293
1292
1297
1301
1303
1301
1298
1299
1301
1301
1299
1297
1297
1299
1302
1305
1304
1299
1298
1304
1308
1301
1294
1297
1305
1309
1308
1305
1302
1301
1303
1306
1306
1302
1298
1297
1302
1311
1319
1319
1311
1301
1295
1295
1301
1307
1308
1300
1295
1300
1304
1294
1287
1295
1305
1302
1296
1297
1302
1302
1302
1303
1306
1306
1308
1310
1310
1304
1302
1309
1314
1303
1291
1289
1286
1269
1249
1236
1231
1225
1214
1194
1171
1149
1133
1120
1102
1077
1076
1122
1197
1267
1332
1395
1455
1511
1574
1645
1714
1771
1829
1897
1970
2036
2099
2160
2217
2268
2326
2396
2469
2534
2598
2659
2692
2674
2620
2556
2493
2431
2369
2299
2230
2166
2108
2051
1992
1927
1861
1796
1733
1666
1604
1548
1488
1417
1345
1282
1223
1157
1088
1023
965
920
908
937
985
1025
1053
1072
1092
1115
1142
1169
1193
1214
1229
1240
1253
1271
1287
1294
1299
1306
1312
1310
1305
1301
1298
1295
1294
1293
1297
1303
1306
1301
1294
1291
1294
1299
1305
1310
1311
1306
1300
1297
1299
1302
1304
1301
1301
1307
1312
1305
1297
1297
1302
1306
1306
1302
1297
1295
1297
1300
1304
1306
1302
1293
1290
1298
1306
1303
1296
1296
1302
1305
1306
1306
1307
1311
1314
1314
1309
1302
1300
1305
1310
1305
1295
1288
1291
1301
1308
1302
1297
1301
1307
1302
1298
1302
1310
1311
1305
1294
1290
1295
1304
1304
1298
1292
1290
1293
1297
1297
1296
1297
1300
1300
1296
1287
1286
1296
1303
1295
1285
1286
1298
1312
1321
1319
1313
1310
1309
1306
1301
1295
1291
1291
1296
1301
1306
1308
1306
1300
1295
1296
1300
1301
1299
1294
1293
1296
1301
1303
1300
1292
1292
1304
1312
1303
1292
1296
1303
1298
1293
1298
1306
1306
1305
1309
1317
1325
1327
1321
1318
1323
1334
1342
1344
1339
1338
1348
1359
1360
1358
1362
1367
1365
1362
1363
1369
1376
1382
1382
1381
1382
1385
1386
1387
1390
1393
1393
1396
1404
1409
1403
1398
1404
1414
1417
1417
1418
1421
1424
1427
1426
1427
1433
1439
1436
1432
1434
1441
1445
1449
1453
1455
1451
1450
1455
1463
1465
1463
1460
1464
1473
1480
1474
1466
1468
1474
1478
1481
1485
1492
1498
1501
1495
1488
1486
1489
1493
1499
1508
1514
1511
1506
1505
1506
1504
1505
1512
1522
1526
1527
1526
1526
1526
1528
1530
1529
1521
1519
1528
1537
1531
1524
1525
1532
1534
1535
1537
1539
1537
1539
1545
1551
1548
1544
1544
1546
1543
1542
1545
1551
1551
1550
1549
1550
1551
1552
1551
1550
1548
1549
1552
1555
1552
1551
1554
1558
1555
1556
1563
1569
1563
1551
1541
1541
1549
1559
1562
1561
1557
1554
1552
1552
1551
1551
1549
1547
1541
1537
1536
1539
1542
1542
1535
1527
1520
1519
1520
1522
1521
1520
1519
1517
1513
1508
1505
1504
1501
1500
1498
1494
1484
1476
1471
1470
1467
1464
1460
1459
1460
1458
1450
1442
1437
1434
1430
1427
1424
1421
1414
1406
1400
1398
1397
1399
1399
1393
1378
1366
1363
1363
1358
1352
1348
1344
1333
1325
1325
1326
1317
1307
1303
1307
1312
1311
1298
1289
1296
1308
1308
1303
1299
1299
1299
1299
1299
1300
1300
1300
1297
1295
1295
1297
1299
1301
1301
1299
1293
1289
1292
1297
1297
1298
1305
1310
1307
1302
1302
1305
1304
1302
1302
1301
1297
1296
1301
1307
1307
1309
1319
1329
1329
1327
1330
1335
1333
1329
1328
1336
1352
1364
1361
1357
1362
1369
1365
1360
1361
1365
1363
1356
1347
1344
1350
1357
1354
1347
1341
1341
1346
1349
1341
1330
1325
1322
1313
1307
1305
1307
1307
1304
1299
1297
1298
1301
1301
1301
1302
1302
1298
1298
1303
1305
1294
1285
1291
1303
1308
1307
1304
1302
1301
1305
1311
1314
1306
1298
1298
1305
1310
1310
1302
1295
1294
1296
1297
1297
1298
1302
1306
1307
1303
1300
1300
1303
1303
1302
1302
1303
1302
1300
1296
1294
1294
1298
1305
1310
1309
1302
1290
1286
1297
1307
1302
1293
1294
1303
1308
1310
1307
1303
1299
1298
1299
1304
1310
1315
1314
1311
1308
1308
1307
1302
1294
1292
1301
1312
1312
1308
1305
1306
1307
1306
1299
1293
1291
1295
1298
1301
1302
1302
1303
1307
1310
1312
1310
1304
1297
1296
1302
1308
1306
1300
1295
1294
1294
1298
1305
1310
1309
1305
1298
1295
1297
1300
1299
1298
1301
1306
1306
1306
1306
1306
1301
1298
1301
1307
1310
1307
1296
1290
1292
1298
1299
1298
1299
1302
1303
1299
1290
1288
1297
1309
1310
1306
1304
1305
1302
1301
1303
1304
1299
1296
1298
1302
1301
1297
1292
1293
1301
1312
1317
1312
1299
1292
1300
1309
1304
1295
1294
1299
1302
1301
1298
1296
1294
1298
1305
1311
1310
1306
1304
1301
1292
1288
1296
1306
1306
1300
1293
1292
1297
1307
1314
1313
1302
1291
1289
1296
1303
1304
1296
1289
1290
1295
1298
1301
1305
1306
1302
1297
1296
1299
1304
1309
1310
1308
1303
1299
1299
1301
1302
1301
1299
1300
1305
1308
1302
1297
1300
1304
1298
1291
1293
1300
1304
1304
1300
1297
1298
1302
1302
1303
1306
1307
1301
1299
1307
1316
1313
1307
1308
1312
1310
1312
1322
1331
1328
1326
1333
1344
1348
1347
1343
1344
1353
1365
1369
1369
1367
1372
1384
1395
1395
1393
1395
1400
1400
1400
1401
1405
1410
1416
1423
1427
1423
1420
1420
1424
1429
1433
1434
1433
1432
1434
1440
1448
1454
1456
1452
1449
1450
1457
1464
1468
1465
1462
1460
1462
1464
1466
1466
1466
1467
1467
1463
1463
1467
1469
1462
1458
1467
1478
1476
1470
1468
1469
1465
1461
1458
1458
1460
1460
1452
1448
1452
1457
1450
1439
1430
1425
1420
1415
1409
1404
1403
1401
1394
1384
1374
1364
1352
1344
1341
1339
1332
1324
1318
1312
1299
1290
1292
1305
1319
1324
1313
1299
1297
1306
1314
1314
1304
1296
1299
1307
1310
1309
1307
1307
1310
1312
1309
1304
1300
1301
1302
1304
1303
1301
1298
1296
1295
1291
1284
1283
1292
1304
1306
1301
1295
1293
1297
1301
1297
1293
1294
1297
1293
1291
1297
1304
1303
1298
1297
1298
1297
1295
1292
1296
1309
1317
1307
1297
1301
1308
1302
1296
1302
1309
1304
1295
1292
1296
1300
1303
1302
1297
1289
1282
1275
1271
1267
1260
1246
1230
1216
1207
1198
1183
1156
1129
1110
1093
1074
1077
1120
1188
1254
1321
1393
1464
1523
1580
1640
1700
1756
1818
1893
1971
2039
2097
2150
2206
2269
2338
2405
2470
2532
2598
2661
2693
2671
2615
2552
2493
2431
2370
2307
2244
2179
2115
2051
1986
1919
1852
1787
1726
1667
1606
1540
1475
1414
1354
1288
1221
1154
1088
1023
964
920
909
937
985
1025
1053
1074
1095
1119
1146
1169
1190
1211
1230
1247
1261
1270
1279
1287
1294
1299
1302
1304
1304
1301
1300
1302
1304
1299
1298
1306
1312
1305
1298
1302
1311
1311
1309
1309
1308
1300
1295
1299
1303
1296
1290
1292
1301
1308
1308
1300
1293
1295
1301
1303
1303
1301
1302
1305
1305
1299
1296
1303
1315
1322
1318
1304
1293
1292
1297
1298
1297
1296
1298
1300
1303
1302
1301
1299
1299
1302
1305
1304
1301
1297
1298
1304
1311
1312
1310
1309
1308
1305
1304
1306
1307
1304
1299
1297
1298
1299
1300
1300
1301
1301
1302
1302
1301
1297
1296
1299
1304
1305
1302
1296
1294
1300
1305
1298
1290
1293
1302
1307
1309
1307
1304
1300
1298
1298
1297
1296
1293
1292
1295
1303
1306
1300
1297
1305
1316
1318
1313
1305
1299
1297
1297
1297
1298
1301
1304
1307
1307
1301
1298
1302
1306
1300
1293
1295
1302
1308
1307
1298
1292
1296
1306
1314
1317
1314
1313
1320
1325
1321
1320
1332
1345
1344
1341
1345
1350
1345
1345
1356
1369
1372
1369
1366
1365
1364
1365
1368
1372
1373
1378
1388
1397
1394
1393
1401
1410
1408
1400
1392
1393
1406
1420
1424
1423
1423
1425
1421
1420
1425
1432
1435
1437
1437
1438
1439
1443
1450
1457
1459
1458
1455
1452
1451
1451
1453
1456
1460
1464
1467
1472
1478
1482
1480
1478
1479
1480
1476
1480
1495
1509
1507
1496
1488
1487
1492
1499
1501
1501
1503
1509
1516
1521
1517
1514
1514
1517
1515
1516
1522
1527
1511
1499
1500
1512
1527
1587
1632
1645
1611
1535
1350
1202
1150
1252
1544
2147
2880
3660
4395
5000
5293
5398
5347
5194
5003
4922
4887
4899
4944
5005
5019
5028
5030
5024
5010
5009
5011
5015
5014
5014
5013
5012
5007
5006
5013
5017
5012
5009
5017
5025
5019
5011
5011
5015
5017
5012
5003
4999
5005
5013
5012
5009
5010
5012
5012
5010
5006
5006
5009
5010
5002
4992
4986
4984
4982
4977
4972
4970
4972
4975
4971
4966
4962
4964
4965
4964
4957
4948
4940
4939
4944
4945
4933
4921
4922
4924
4914
4906
4911
4917
4909
4895
4886
4881
4877
4873
4870
4865
4857
4853
4867
4877
4872
4858
4840
4776
4722
4705
4740
4821
5004
5148
5190
5079
4780
4173
3436
2649
1903
1292
1002
905
958
1110
1302
1385
1419
1406
1357
1296
1283
1277
1276
1283
1297
1287
1278
1275
1281
1297
1361
1406
1410
1375
1309
1128
962
894
994
1297
1912
2653
3432
4162
4763
5058
5164
5114
4958
4764
4678
4643
4660
4713
4774
4783
4787
4790
4792
4791
4796
4797
4795
4796
4798
4804
4812
4815
4809
4802
4802
4809
4814
4818
4822
4821
4812
4808
4815
4822
4817
4812
4815
4821
4818
4809
4799
4796
4799
4804
4804
4795
4773
4758
4759
4763
4754
4747
4757
4772
4775
4770
4762
4759
4760
4761
4756
4750
4746
4748
4752
4757
4757
4759
4765
4770
4771
4767
4761
4764
4774
4781
4773
4760
4755
4762
4771
4776
4771
4760
4740
4719
4694
4667
4641
4629
4629
4638
4644
4647
4643
4641
4644
4648
4648
4647
4646
4651
4659
4662
4652
4643
4647
4653
4649
4637
4629
4627
4632
4646
4672
4703
4731
4757
4776
4784
4786
4782
4772
4766
4770
4771
4759
4752
4763
4773
4766
4757
4761
4769
4765
4762
4767
4771
4763
4755
4759
4768
4770
4765
4756
4754
4760
4765
4756
4748
4755
4767
4768
4767
4770
4775
4774
4772
4772
4768
4758
4752
4758
4770
4775
4774
4766
4761
4761
4764
4764
4763
4764
4766
4765
4764
4761
4761
4766
4771
4772
4772
4773
4776
4777
4772
4761
4754
4760
4772
4783
4782
4766
4753
4753
4759
4754
4750
4753
4757
4754
4752
4757
4764
4765
4761
4756
4755
4759
4763
4760
4757
4759
4762
4760
4760
4764
4768
4766
4762
4761
4761
4758
4759
4764
4769
4763
4757
4756
4758
4759
4760
4761
4762
4758
4759
4766
4772
4767
4761
4763
4766
4762
4759
4762
4766
4761
4755
4754
4758
4763
4765
4759
4757
4761
4768
4765
4758
4751
4749
4754
4759
4759
4754
4747
4744
4748
4755
4761
4762
4759
4756
4756
4759
4761
4758
4748
4741
4747
4757
4758
4759
4763
4767
4763
4759
4759
4765
4774
4780
4780
4774
4766
4763
4764
4766
4762
4756
4751
4752
4760
4768
4766
4762
4760
4760
4755
4752
4754
4760
4765
4768
4767
4769
4774
4781
4781
4779
4781
4784
4788
4793
4797
4802
4805
4810
4816
4823
4828
4831
4836
4840
4839
4840
4845
4850
4849
4846
4848
4852
4855
4863
4877
4885
4876
4865
4867
4878
4886
4890
4889
4888
4889
4898
4911
4917
4909
4901
4906
4914
4914
4911
4910
4913
4914
4915
4913
4915
4922
4924
4915
4908
4915
4925
4924
4924
4933
4941
4937
4932
4935
4943
4943
4940
4935
4930
4926
4926
4932
4936
4936
4932
4924
4921
4925
4927
4920
4908
4900
4893
4887
4882
4877
4870
4858
4850
4850
4855
4857
4851
4839
4826
4814
4806
4799
4797
4796
4792
4781
4770
4764
4764
4762
4764
4771
4778
4778
4772
4763
4760
4767
4774
4769
4759
4751
4753
4764
4774
4773
4768
4769
4772
4772
4769
4764
4762
4762
4764
4766
4766
4764
4763
4763
4761
4754
4750
4754
4762
4765
4765
4765
4766
4763
4760
4755
4753
4757
4763
4766
4766
4764
4763
4762
4764
4766
4768
4766
4762
4759
4757
4756
4758
4759
4762
4762
4761
4759
4757
4758
4758
4756
4755
4755
4757
4756
4757
4760
4759
4748
4739
4741
4742
4729
4713
4701
4687
4665
4647
4642
4637
4618
4593
4572
4553
4533
4538
4582
4650
4716
4781
4848
4914
4974
5035
5100
5169
5232
5296
5361
5429
5497
5562
5620
5681
5749
5818
5877
5932
5988
6053
6121
6156
6131
6072
6012
5956
5891
5824
5758
5693
5628
5565
5500
5438
5379
5322
5262
5197
5123
5052
4992
4936
4873
4807
4745
4684
4619
4554
4495
4438
4388
4370
4397
4442
4474
4501
4532
4564
4588
4608
4630
4655
4677
4696
4709
4721
4732
4740
4741
4745
4759
4772
4769
4759
4752
4753
4757
4762
4761
4759
4761
4761
4754
4749
4753
4758
4756
4755
4760
4762
4755
4750
4755
4763
4763
4759
4754
4755
4762
4763
4754
4748
4755
4768
4770
4767
4763
4760
4757
4760
4772
4780
4770
4759
4760
4764
4760
4757
4762
4768
4764
4760
4760
4762
4760
4761
4767
4775
4777
4772
4765
4760
4758
4759
4757
4758
4767
4772
4766
4754
4748
4751
4757
4760
4752
4746
4749
4758
4761
4759
4757
4760
4766
4768
4761
4755
4759
4769
4776
4776
4771
4764
4760
4761
4763
4765
4763
4760
4754
4752
4753
4755
4750
4747
4749
4757
4766
4776
4782
4779
4766
4757
4761
4769
4768
4765
4766
4770
4773
4773
4771
4765
4758
4753
4752
4758
4767
4774
4772
4767
4767
4768
4763
4760
4762
4768
4771
4768
4758
4749
4751
4759
4763
4767
4774
4783
4789
4793
4789
4772
4748
4720
4694
4676
4670
4672
4677
4687
4697
4702
4705
4704
4699
4698
4704
4712
4715
4716
4717
4719
4719
4720
4725
4732
4732
4730
4724
4726
4741
4765
4784
4810
4847
4883
4895
4898
4901
4902
4895
4888
4884
4888
4896
4903
4899
4897
4902
4908
4905
4901
4904
4911
4912
4911
4910
4913
4918
4926
4934
4935
4926
4918
4920
4932
4947
4956
4950
4945
4952
4959
4952
4943
4943
4948
4950
4952
4953
4956
4960
4963
4965
4967
4968
4970
4969
4969
4970
4974
4982
4987
4983
4980
4982
4985
4980
4976
4979
4982
4979
4978
4985
4995
4999
4998
4993
4989
4985
4990
5004
5012
5005
4995
4997
5003
5000
4999
5005
5015
5016
5013
5010
5006
5000
4998
5000
5007
5013
5016
5012
5007
5007
5009
5005
5007
5018
5025
5016
5005
5008
5017
5022
5021
5015
5011
5010
5011
5010
5009
5010
5012
5014
5016
5016
5011
5001
4998
5008
5017
5008
4997
4999
5005
5000
4992
4990
4994
4994
4993
4992
4990
4984
4978
4974
4971
4965
4962
4961
4961
4960
4956
4953
4950
4946
4942
4937
4932
4928
4925
4921
4921
4923
4925
4922
4914
4903
4894
4889
4886
4881
4876
4870
4867
4865
4865
4862
4858
4851
4845
4839
4834
4829
4826
4823
4818
4808
4800
4796
4795
4791
4783
4774
4768
4765
4766
4765
4764
4762
4761
4760
4760
4763
4763
4753
4749
4760
4773
4769
4763
4766
4775
4779
4776
4765
4755
4749
4749
4749
4754
4765
4771
4767
4757
4749
4748
4752
4758
4761
4762
4759
4757
4758
4761
4762
4763
4764
4767
4773
4776
4772
4768
4775
4782
4776
4771
4775
4784
4787
4789
4796
4805
4813
4812
4800
4793
4800
4813
4815
4815
4820
4823
4819
4814
4812
4820
4832
4837
4828
4813
4806
4803
4801
4801
4803
4797
4774
4755
4754
4763
4766
4766
4769
4769
4760
4751
4747
4751
4758
4762
4759
4757
4765
4771
4763
4756
4759
4764
4759
4754
4757
4762
4759
4758
4762
4769
4770
4769
4771
4770
4764
4762
4770
4778
4774
4767
4764
4764
4757
4751
4751
4754
4758
4762
4767
4769
4765
4762
4763
4765
4763
4760
4758
4761
4766
4770
4769
4770
4772
4773
4767
4760
4758
4761
4764
4764
4754
4747
4753
4762
4759
4757
4764
4769
4759
4749
4753
4763
4765
4760
4754
4753
4755
4756
4751
4750
4757
4770
4775
4768
4750
4739
4747
4767
4780
4784
4777
4766
4756
4751
4748
4749
4754
4760
4764
4763
4757
4757
4769
4779
4772
4758
4752
4754
4757
4759
4757
4755
4752
4752
4755
4763
4774
4779
4773
4765
4763
4765
4763
4760
4759
4760
4759
4758
4754
4753
4755
4757
4756
4756
4761
4763
4759
4757
4765
4773
4768
4758
4751
4751
4756
4761
4764
4761
4753
4753
4764
4773
4763
4749
4746
4751
4757
4762
4766
4767
4764
4762
4760
4762
4764
4763
4759
4758
4763
4770
4769
4762
4750
4740
4736
4741
4754
4766
4768
4762
4751
4746
4746
4749
4750
4751
4753
4757
4759
4760
4759
4760
4763
4763
4757
4753
4759
4764
4759
4755
4761
4769
4765
4759
4761
4763
4761
4759
4763
4768
4766
4763
4763
4766
4769
4766
4759
4755
4760
4768
4770
4769
4769
4768
4764
4764
4771
4774
4762
4755
4767
4779
4770
4755
4754
4762
4770
4774
4771
4764
4757
4757
4762
4769
4769
4762
4753
4748
4750
4755
4754
4754
4756
4756
4747
4741
4750
4763
4766
4763
4761
4766
4775
4787
4794
4797
4799
4800
4797
4797
4801
4809
4816
4823
4829
4833
4834
4839
4849
4856
4851
4845
4844
4850
4857
4861
4863
4864
4865
4867
4865
4867
4874
4883
4886
4886
4885
4890
4902
4911
4910
4905
4903
4909
4918
4920
4910
4901
4904
4912
4913
4916
4924
4933
4933
4926
4918
4917
4922
4932
4942
4949
4950
4945
4933
4912
4890
4865
4835
4812
4807
4809
4808
4810
4818
4821
4814
4808
4811
4814
4808
4799
4796
4795
4790
4777
4762
4753
4755
4762
4767
4779
4802
4824
4830
4828
4830
4833
4827
4818
4813
4806
4792
4782
4780
4782
4781
4775
4763
4756
4760
4770
4773
4772
4771
4773
4779
4782
4774
4766
4765
4768
4766
4764
4765
4768
4771
4773
4773
4773
4773
4769
4758
4751
4756
4762
4759
4755
4756
4763
4768
4771
4768
4765
4766
4767
4765
4763
4762
4759
4752
4748
4750
4757
4764
4767
4766
4764
4764
4766
4768
4766
4757
4751
4755
4760
4756
4751
4755
4761
4760
4757
4757
4762
4771
4773
4763
4755
4758
4764
4759
4755
4761
4767
4762
4749
4738
4730
4721
4715
4710
4701
4685
4667
4653
4638
4619
4598
4579
4558
4537
4543
4590
4658
4721
4777
4837
4902
4966
5031
5093
5155
5217
5283
5353
5424
5491
5555
5614
5675
5740
5807
5870
5931
5987
6054
6123
6162
6143
6085
6008
5933
5863
5806
5765
5744
5718
5672
5589
5458
5267
5000
4645
4216
3731
3191
2652
2147
1704
1352
1142
1031
992
999
1022
1003
974
958
968
986
1009
1029
1060
1096
1125
1143
1166
1189
1208
1226
1244
1262
1277
1286
1289
1294
1306
1316
1312
1301
1293
1296
1305
1313
1310
1299
1286
1282
1291
1302
1304
1300
1296
1294
1295
1301
1309
1314
1312
1309
1309
1310
1309
1307
1306
1307
1306
1305
1304
1304
1302
1299
1295
1297
1304
1310
1306
1296
1287
1285
1291
1301
1306
1306
1300
1299
1306
1315
1315
1311
1310
1309
1305
1300
1296
1296
1297
1300
1305
1307
1302
1299
1300
1301
1295
1292
1300
1309
1306
1299
1298
1301
1303
1303
1300
1297
1297
1298
1299
1300
1298
1299
1302
1304
1299
1295
1297
1302
1300
1299
1302
1307
1309
1307
1302
1300
1302
1304
1303
1303
1306
1309
1306
1304
1305
1307
1305
1303
1306
1309
1305
1301
1301
1303
1303
1303
1302
1301
1300
1301
1301
1300
1296
1295
1301
1309
1313
1309
1296
1286
1286
1296
1306
1310
1307
1304
1306
1310
1310
1306
1299
1296
1299
1308
1320
1326
1321
1318
1323
1333
1339
1341
1341
1343
1346
1350
1353
1356
1359
1359
1355
1354
1361
1369
1370
1369
1370
1375
1381
1385
1383
1382
1385
1389
1388
1388
1392
1402
1411
1417
1414
1412
1414
1417
1416
1418
1428
1436
1432
1427
1431
1440
1443
1445
1447
1449
1448
1448
1449
1452
1452
1449
1445
1446
1456
1467
1470
1471
1478
1482
1475
1471
1479
1488
1483
1475
1475
1482
1485
1488
1490
1493
1494
1498
1502
1504
1501
1498
1499
1504
1508
1510
1506
1506
1513
1522
1523
1521
1519
1523
1530
1534
1528
1523
1526
1532
1531
1531
1535
1538
1532
1532
1545
1557
1551
1540
1537
1542
1546
1548
1545
1542
1543
1543
1538
1534
1534
1538
1540
1546
1555
1557
1543
1536
1551
1568
1562
1549
1545
1550
1555
1559
1559
1560
1560
1562
1563
1562
1556
1554
1557
1561
1559
1556
1553
1553
1554
1554
1550
1548
1552
1556
1553
1548
1547
1548
1544
1539
1536
1537
1540
1540
1534
1526
1521
1521
1523
1526
1523
1517
1510
1504
1498
1496
1498
1498
1490
1481
1478
1479
1479
1477
1474
1469
1462
1456
1453
1450
1441
1434
1433
1436
1436
1433
1427
1421
1413
1407
1402
1399
1394
1388
1380
1374
1369
1367
1366
1363
1357
1352
1349
1347
1344
1341
1335
1326
1312
1299
1292
1290
1290
1293
1300
1304
1300
1295
1295
1300
1304
1305
1302
1298
1299
1305
1314
1317
1310
1303
1305
1309
1307
1305
1309
1313
1308
1301
1297
1299
1303
1306
1305
1305
1307
1305
1293
1287
1294
1303
1301
1295
1296
1304
1311
1316
1316
1314
1314
1315
1315
1314
1313
1318
1329
1341
1348
1352
1356
1360
1362
1363
1362
1361
1358
1357
1357
1358
1359
1359
1357
1357
1358
1358
1353
1345
1337
1337
1345
1351
1346
1332
1317
1314
1325
1331
1312
1292
1291
1300
1299
1294
1291
1296
1306
1311
1301
1291
1296
1306
1309
1306
1303
1305
1312
1316
1309
1302
1304
1305
1295
1288
1293
1302
1301
1296
1295
1298
1300
1301
1300
1302
1307
1312
1310
1305
1301
1300
1299
1300
1301
1301
1299
1297
1296
1296
1295
1297
1304
1310
1306
1299
1294
1295
1299
1303
1302
1299
1298
1297
1292
1292
1298
1305
1305
1300
1296
1297
1304
1309
1305
1297
1291
1295
1308
1313
1298
1282
1285
1296
1297
1295
1298
1305
1307
1305
1300
1297
1299
1302
1301
1300
1302
1304
1298
1294
1297
1303
1303
1301
1297
1296
1296
1300
1304
1306
1301
1298
1302
1305
1300
1293
1291
1293
1295
1297
1299
1300
1298
1298
1302
1309
1314
1318
1318
1313
1299
1288
1289
1294
1294
1295
1300
1307
1310
1307
1300
1297
1301
1310
1316
1317
1312
1308
1308
1307
1300
1294
1295
1303
1310
1312
1306
1299
1295
1296
1297
1297
1294
1291
1289
1291
1297
1300
1294
1291
1296
1304
1306
1305
1306
1305
1299
1294
1294
1297
1299
1302
1310
1315
1312
1305
1299
1297
1300
1301
1299
1298
1303
1309
1309
1306
1302
1300
1298
1298
1299
1299
1296
1296
1303
1310
1307
1301
1300
1300
1296
1293
1292
1294
1295
1297
1298
1300
1301
1300
1297
1297
1300
1304
1305
1304
1304
1304
1302
1302
1303
1303
1298
1296
1302
1310
1310
1306
1301
1297
1292
1292
1297
1301
1299
1297
1298
1301
1299
1301
1309
1315
1309
1301
1299
1303
1305
1305
1302
1296
1288
1288
1299
1312
1312
1307
1307
1312
1317
1324
1332
1339
1339
1338
1337
1340
1347
1355
1362
1367
1369
1370
1370
1374
1380
1385
1386
1388
1393
1400
1404
1405
1401
1399
1403
1410
1416
1424
1432
1437
1431
1427
1431
1437
1438
1433
1427
1428
1437
1448
1450
1448
1448
1450
1451
1451
1448
1448
1452
1458
1460
1460
1461
1463
1465
1470
1476
1478
1470
1464
1468
1476
1475
1470
1466
1467
1469
1472
1472
1471
1469
1468
1467
1465
1459
1455
1456
1455
1445
1435
1434
1435
1430
1422
1416
1415
1415
1410
1394
1379
1373
1375
1374
1369
1360
1350
1344
1342
1341
1336
1323
1309
1303
1304
1305
1301
1289
1282
1289
1305
1317
1317
1306
1296
1298
1305
1306
1305
1308
1310
1304
1299
1300
1303
1301
1300
1302
1305
1306
1304
1299
1296
1295
1299
1304
1308
1307
1304
1302
1303
1304
1301
1292
1287
1293
1303
1305
1304
1306
1306
1299
1296
1305
1314
1309
1300
1299
1302
1302
1301
1301
1303
1304
1304
1302
1301
1303
1305
1303
1300
1300
1304
1308
1310
1305
1302
1306
1312
1309
1305
1302
1299
1290
1279
1267
1257
1248
1238
1223
1208
1192
1176
1155
1138
1126
1111
1087
1083
1119
1186
1259
1330
1393
1451
1505
1564
1627
1698
1770
1839
1900
1958
2017
2081
2145
2211
2276
2341
2406
2468
2524
2588
2657
2696
2673
2615
2554
2495
2431
2368
2307
2247
2183
2117
2049
1988
1934
1876
1801
1727
1668
1614
1549
1481
1416
1352
1281
1215
1159
1100
1030
962
915
906
938
985
1018
1044
1074
1104
1125
1144
1168
1195
1220
1239
1249
1257
1267
1281
1292
1298
1296
1293
1295
1300
1302
1303
1306
1312
1317
1315
1300
1288
1291
1300
1301
1297
1295
1300
1312
1318
1307
1297
1306
1316
1308
1294
1289
1291
1292
1293
1296
1298
1297
1295
1293
1295
1301
1304
1300
1294
1293
1297
1301
1304
1304
1301
1295
1293
1298
1306
1309
1303
1290
1284
1293
1306
1307
1301
1296
1298
1304
1309
1302
1296
1299
1306
1309
1308
1305
1305
1306
1307
1305
1304
1303
1301
1293
1289
1294
1299
1293
1289
1298
1309
1309
1301
1295
1295
1303
1306
1297
1292
1306
1319
1312
1297
1291
1293
1295
1299
1303
1302
1296
1291
1291
1294
1293
1294
1299
1303
1299
1294
1294
1298
1302
1306
1310
1311
1306
1300
1297
1297
1298
1298
1295
1293
1295
1297
1295
1292
1291
1295
1300
1305
1307
1308
1310
1309
1301
1294
1292
1299
1311
1320
1317
1308
1301
1301
1309
1319
1326
1326
1321
1320
1328
1337
1339
1338
1338
1346
1359
1369
1364
1360
1366
1373
1368
1362
1363
1371
1375
1378
1382
1387
1392
1396
1393
1392
1394
1398
1399
1401
1406
1413
1420
1424
1425
1423
1420
1418
1415
1414
1414
1420
1433
1445
1448
1448
1447
1449
1450
1451
1450
1452
1456
1459
1456
1454
1458
1464
1467
1467
1468
1472
1480
1485
1481
1476
1476
1481
1485
1488
1488
1489
1495
1500
1498
1495
1495
1497
1496
1496
1499
1501
1496
1493
1498
1507
1513
1517
1522
1525
1524
1522
1522
1527
1532
1533
1523
1517
1524
1535
1534
1527
1523
1523
1526
1532
1537
1542
1543
1545
1548
1549
1545
1544
1550
1557
1555
1549
1545
1545
1546
1548
1548
1553
1564
1571
1562
1554
1559
1567
1562
1549
1539
1540
1554
1565
1561
1554
1554
1560
1562
1561
1559
1557
1556
1554
1547
1546
1554
1561
1555
1546
1543
1546
1546
1545
1543
1541
1540
1541
1541
1541
1539
1538
1538
1537
1530
1522
1516
1516
1515
1512
1504
1501
1509
1514
1502
1488
1484
1484
1480
1479
1487
1491
1480
1464
1456
1455
1455
1455
1453
1447
1437
1430
1427
1427
1423
1421
1423
1420
1403
1388
1389
1394
1387
1377
1374
1375
1374
1366
1353
1343
1341
1345
1347
1340
1325
1312
1309
1310
1302
1297
1302
1308
1304
1300
1301
1304
1301
1294
1288
1291
1305
1315
1307
1295
1292
1284
1282
1283
1285
1293
1349
1399
1421
1395
1314
1117
960
909
1012
1305
1907
2642
3425
4160
4759
5047
5150
5101
4950
4762
4682
4647
4660
4708
4766
4778
4787
4790
4783
4774
4784
4794
4798
4799
4803
4804
4801
4800
4806
4816
4821
4821
4816
4815
4819
4825
4827
4826
4823
4822
4821
4821
4819
4816
4812
4805
4794
4784
4777
4777
4783
4788
4782
4772
4762
4756
4753
4757
4763
4763
4750
4742
4750
4762
4763
4756
4749
4746
4744
4745
4748
4754
4762
4766
4764
4759
4760
4766
4771
4772
4765
4758
4755
4760
4769
4773
4766
4759
4762
4767
4764
4759
4757
4759
4762
4763
4763
4764
4768
4770
4765
4761
4764
4764
4754
4747
4754
4766
4768
4762
4754
4757
4770
4781
4777
4765
4758
4761
4768
4772
4764
4756
4756
4763
4770
4769
4759
4752
4759
4769
4768
4767
4773
4780
4775
4766
4763
4766
4766
4768
4773
4776
4771
4769
4774
4778
4773
4763
4756
4761
4774
4781
4767
4752
4753
4759
4756
4751
4753
4759
4760
4762
4765
4765
4756
4751
4760
4770
4766
4759
4760
4763
4759
4754
4755
4758
4756
4758
4766
4773
4769
4761
4756
4753
4748
4749
4759
4769
4768
4762
4759
4761
4762
4763
4764
4762
4760
4763
4773
4778
4766
4752
4750
4756
4757
4760
4769
4770
4755
4743
4749
4761
4761
4756
4754
4758
4763
4767
4764
4759
4755
4756
4759
4765
4769
4769
4764
4759
4756
4753
4748
4746
4748
4756
4765
4769
4764
4757
4755
4759
4762
4761
4754
4750
4753
4759
4759
4759
4761
4764
4763
4761
4757
4756
4757
4757
4763
4758
4739
4772
4849
4767
4372
3756
3141
