0.002,1021
0.004,1011
0.006,1014
0.008,1008
0.01,1002
0.012,1006
0.014,1001
0.016,1003
0.018,1009
0.02,1008
0.022,1012
0.024,1014
0.026,998
0.028,1012
0.03,990
0.032,962
0.034,948
0.036,910
0.038,875
0.04,831
0.042,799
0.044,795
0.046,918
0.048,1039
0.05,1170
0.052,1289
0.054,1420
0.056,1538
0.058,1686
0.06,1806
0.062,1940
0.064,2056
0.066,2195
0.068,2325
0.07,2412
0.072,2321
0.074,2208
0.076,2078
0.078,1939
0.08,1812
0.082,1686
0.084,1562
0.086,1432
0.088,1305
0.09,1178
0.092,1046
0.094,926
0.096,793
0.098,662
0.1,631
0.102,696
0.104,762
0.106,807
0.108,870
0.11,912
0.112,940
0.114,979
0.116,1004
0.118,996
0.12,1013
0.122,1004
0.124,1012
0.126,1023
0.128,1005
0.13,1007
0.132,1006
0.134,1018
0.136,1029
0.138,1003
0.14,1010
0.142,1014
0.144,1007
0.146,1009
0.148,1002
0.15,1013
0.152,1014
0.154,1017
0.156,996
0.158,1011
0.16,1017
0.162,1011
0.164,1009
0.166,1005
0.168,1020
0.17,1027
0.172,1016
0.174,1003
0.176,1026
0.178,1001
0.18,1012
0.182,1023
0.184,1025
0.186,1004
0.188,1017
0.19,1016
0.192,1010
0.194,1015
0.196,1003
0.198,1014
0.2,1007
0.202,1019
0.204,1003
0.206,1026
0.208,1019
0.21,1005
0.212,1010
0.214,1020
0.216,1001
0.218,1009
0.22,1002
0.222,1011
0.224,1011
0.226,1014
0.228,1019
0.23,1006
0.232,1000
0.234,996
0.236,1002
0.238,1010
0.24,1024
0.242,1020
0.244,1002
0.246,1012
0.248,1002
0.25,1007
0.252,1007
0.254,1011
0.256,1003
0.258,1016
0.26,1014
0.262,1004
0.264,1019
0.266,1034
0.268,1037
0.27,1040
0.272,1035
0.274,1050
0.276,1053
0.278,1060
0.28,1067
0.282,1077
0.284,1078
0.286,1094
0.288,1087
0.29,1095
0.292,1094
0.294,1110
0.296,1096
0.298,1105
0.3,1103
0.302,1117
0.304,1122
0.306,1138
0.308,1137
0.31,1137
0.312,1141
0.314,1157
0.316,1156
0.318,1160
0.32,1158
0.322,1170
0.324,1164
0.326,1163
0.328,1172
0.33,1187
0.332,1177
0.334,1189
0.336,1201
0.338,1202
0.34,1203
0.342,1202
0.344,1204
0.346,1201
0.348,1213
0.35,1221
0.352,1213
0.354,1231
0.356,1219
0.358,1232
0.36,1238
0.362,1235
0.364,1236
0.366,1245
0.368,1239
0.37,1250
0.372,1240
0.374,1257
0.376,1259
0.378,1260
0.38,1247
0.382,1248
0.384,1260
0.386,1254
0.388,1257
0.39,1252
0.392,1256
0.394,1263
0.396,1261
0.398,1271
0.4,1260
0.402,1265
0.404,1261
0.406,1260
0.408,1263
0.41,1271
0.412,1268
0.414,1251
0.416,1277
0.418,1263
0.42,1256
0.422,1275
0.424,1261
0.426,1265
0.428,1264
0.43,1248
0.432,1240
0.434,1244
0.436,1251
0.438,1230
0.44,1233
0.442,1238
0.444,1217
0.446,1212
0.448,1200
0.45,1197
0.452,1206
0.454,1177
0.456,1176
0.458,1172
0.46,1167
0.462,1143
0.464,1140
0.466,1129
0.468,1131
0.47,1126
0.472,1102
0.474,1100
0.476,1091
0.478,1086
0.48,1066
0.482,1056
0.484,1051
0.486,1037
0.488,1031
0.49,1014
0.492,1008
0.494,1004
0.496,1007
0.498,1014
0.5,1019
0.502,1002
0.504,1022
0.506,1012
0.508,1014
0.51,1007
0.512,1011
0.514,1009
0.516,1014
0.518,1019
0.52,1008
0.522,1025
0.524,1022
0.526,1012
0.528,1014
0.53,1017
0.532,1010
0.534,1007
0.536,1022
0.538,1022
0.54,1029
0.542,1043
0.544,1048
0.546,1058
0.548,1041
0.55,1072
0.552,1069
0.554,1076
0.556,1067
0.558,1082
0.56,1072
0.562,1059
0.564,1070
0.566,1052
0.568,1055
0.57,1051
0.572,1045
0.574,1030
0.576,1024
0.578,1010
0.58,1007
0.582,1013
0.584,1016
0.586,1009
0.588,1017
0.59,1021
0.592,1014
0.594,1014
0.596,1008
0.598,1015
0.6,1010
0.602,1004
0.604,1017
0.606,1015
0.608,1013
0.61,1013
0.612,1021
0.614,997
0.616,1007
0.618,1010
0.62,1017
0.622,1007
0.624,1018
0.626,1005
0.628,1013
0.63,1020
0.632,1010
0.634,1015
0.636,1017
0.638,1024
0.64,1016
0.642,1012
0.644,1021
0.646,1003
0.648,1008
0.65,1008
0.652,1017
0.654,1007
0.656,1016
0.658,1013
0.66,1015
0.662,1013
0.664,1011
0.666,1003
0.668,1008
0.67,1022
0.672,1015
0.674,1011
0.676,1012
0.678,1012
0.68,1025
0.682,1023
0.684,1016
0.686,1019
0.688,1010
0.69,1003
0.692,1015
0.694,1007
0.696,1011
0.698,1010
0.7,1016
0.702,1010
0.704,1020
0.706,1010
0.708,1006
0.71,1019
0.712,1006
0.714,1010
0.716,1019
0.718,1018
0.72,1020
0.722,1004
0.724,1011
0.726,1009
0.728,1010
0.73,1015
0.732,1016
0.734,1008
0.736,1019
0.738,1017
0.74,1014
0.742,1002
0.744,1023
0.746,1000
0.748,1009
0.75,1011
0.752,1001
0.754,1008
0.756,1018
0.758,1002
0.76,1012
0.762,1017
0.764,1019
0.766,1019
0.768,1015
0.77,1010
0.772,1016
0.774,1027
0.776,1023
0.778,1011
0.78,1014
0.782,1007
0.784,1012
0.786,1010
0.788,1006
0.79,1017
0.792,1008
0.794,1020
0.796,1021
0.798,1016
0.8,1007
0.802,1019
0.804,1008
0.806,1021
0.808,1015
0.81,1004
0.812,1012
0.814,1010
0.816,1004
0.818,1006
0.82,1008
0.822,1007
0.824,1008
0.826,1008
0.828,1019
0.83,1015
0.832,1011
0.834,1004
0.836,1011
0.838,1014
0.84,1014
0.842,1010
0.844,1034
0.846,1034
0.848,1040
0.85,1053
0.852,1056
0.854,1070
0.856,1070
0.858,1082
0.86,1079
0.862,1086
0.864,1103
0.866,1097
0.868,1101
0.87,1116
0.872,1118
0.874,1127
0.876,1138
0.878,1142
0.88,1140
0.882,1151
0.884,1152
0.886,1154
0.888,1163
0.89,1163
0.892,1178
0.894,1165
0.896,1179
0.898,1170
0.9,1178
0.902,1172
0.904,1184
0.906,1189
0.908,1180
0.91,1184
0.912,1193
0.914,1184
0.916,1185
0.918,1187
0.92,1168
0.922,1176
0.924,1159
0.926,1159
0.928,1145
0.93,1130
0.932,1126
0.934,1118
0.936,1108
0.938,1101
0.94,1078
0.942,1061
0.944,1056
0.946,1029
0.948,1012
0.95,1005
0.952,1016
0.954,1004
0.956,1008
0.958,1014
0.96,1006
0.962,1009
0.964,1010
0.966,1013
0.968,1014
0.97,1010
0.972,1015
0.974,1008
0.976,1016
0.978,1010
0.98,1013
0.982,1007
0.984,1008
0.986,1019
0.988,1008
0.99,1007
0.992,1013
0.994,1019
0.996,1012
0.998,1013
1,1009
1.002,1016
1.004,1022
1.006,1023
1.008,1017
1.01,1016
1.012,1015
1.014,1021
1.016,1017
1.018,1017
1.02,1020
1.022,1014
1.024,1017
1.026,1014
1.028,997
1.03,967
1.032,968
1.034,938
1.036,919
1.038,872
1.04,841
1.042,805
1.044,785
1.046,913
1.048,1056
1.05,1176
1.052,1303
1.054,1424
1.056,1547
1.058,1675
1.06,1802
1.062,1936
1.064,2057
1.066,2190
1.068,2305
1.07,2408
1.072,2327
1.074,2200
1.076,2069
1.078,1934
1.08,1825
1.082,1692
1.084,1572
1.086,1447
1.088,1303
1.09,1185
1.092,1064
1.094,930
1.096,803
1.098,669
1.1,623
1.102,700
1.104,755
1.106,810
1.108,858
1.11,903
1.112,945
1.114,971
1.116,992
1.118,995
1.12,1022
1.122,1018
1.124,1002
1.126,1014
1.128,1025
1.13,1026
1.132,1014
1.134,1009
1.136,1006
1.138,1011
1.14,1009
1.142,1015
1.144,1007
1.146,1010
1.148,1003
1.15,1001
1.152,1002
1.154,1014
1.156,1002
1.158,1011
1.16,1010
1.162,1016
1.164,1010
1.166,1021
1.168,1000
1.17,1016
1.172,1012
1.174,1025
1.176,1008
1.178,1015
1.18,1004
1.182,1007
1.184,1009
1.186,1009
1.188,1003
1.19,1015
1.192,1020
1.194,1011
1.196,1008
1.198,1023
1.2,999
1.202,1012
1.204,1011
1.206,1016
1.208,1013
1.21,1004
1.212,1004
1.214,1000
1.216,1015
1.218,1009
1.22,1009
1.222,1014
1.224,1000
1.226,1012
1.228,1024
1.23,1012
1.232,1009
1.234,1018
1.236,1006
1.238,998
1.24,1013
1.242,1019
1.244,1018
1.246,1025
1.248,1019
1.25,1009
1.252,1006
1.254,1027
1.256,1011
1.258,1018
1.26,1007
1.262,1026
1.264,1026
1.266,1026
1.268,1035
1.27,1037
1.272,1045
1.274,1057
1.276,1064
1.278,1062
1.28,1061
1.282,1070
1.284,1081
1.286,1074
1.288,1091
1.29,1097
1.292,1102
1.294,1110
1.296,1103
1.298,1111
1.3,1102
1.302,1109
1.304,1120
1.306,1130
1.308,1131
1.31,1137
1.312,1147
1.314,1145
1.316,1148
1.318,1167
1.32,1166
1.322,1162
1.324,1185
1.326,1174
1.328,1174
1.33,1177
1.332,1180
1.334,1185
1.336,1197
1.338,1195
1.34,1193
1.342,1198
1.344,1213
1.346,1219
1.348,1214
1.35,1223
1.352,1223
1.354,1219
1.356,1215
1.358,1229
1.36,1234
1.362,1227
1.364,1239
1.366,1229
1.368,1228
1.37,1250
1.372,1250
1.374,1240
1.376,1255
1.378,1242
1.38,1262
1.382,1254
1.384,1250
1.386,1257
1.388,1257
1.39,1269
1.392,1262
1.394,1268
1.396,1265
1.398,1262
1.4,1265
1.402,1269
1.404,1260
1.406,1270
1.408,1268
1.41,1275
1.412,1266
1.414,1262
1.416,1269
1.418,1258
1.42,1267
1.422,1269
1.424,1270
1.426,1264
1.428,1252
1.43,1259
1.432,1239
1.434,1246
1.436,1245
1.438,1241
1.44,1230
1.442,1228
1.444,1224
1.446,1212
1.448,1204
1.45,1206
1.452,1201
1.454,1192
1.456,1180
1.458,1174
1.46,1157
1.462,1153
1.464,1144
1.466,1137
1.468,1136
1.47,1120
1.472,1096
1.474,1106
1.476,1098
1.478,1075
1.48,1071
1.482,1069
1.484,1044
1.486,1042
1.488,1028
1.49,1012
1.492,1016
1.494,1008
1.496,1007
1.498,1021
1.5,1015
1.502,1026
1.504,996
1.506,1009
1.508,1016
1.51,1009
1.512,1014
1.514,1009
1.516,1007
1.518,1015
1.52,1004
1.522,1006
1.524,997
1.526,1011
1.528,1015
1.53,1009
1.532,1025
1.534,1010
1.536,1012
1.538,1027
1.54,1034
1.542,1042
1.544,1047
1.546,1051
1.548,1048
1.55,1059
1.552,1066
1.554,1066
1.556,1074
1.558,1081
1.56,1054
1.562,1069
1.564,1064
1.566,1076
1.568,1051
1.57,1054
1.572,1047
1.574,1050
1.576,1031
1.578,1025
1.58,1016
1.582,1012
1.584,1011
1.586,1010
1.588,1010
1.59,1014
1.592,1000
1.594,1016
1.596,1019
1.598,1024
1.6,1014
1.602,1010
1.604,1008
1.606,1016
1.608,1010
1.61,1020
1.612,1016
1.614,1012
1.616,1030
1.618,1028
1.62,1005
1.622,1018
1.624,1020
1.626,1005
1.628,1002
1.63,1023
1.632,1011
1.634,1010
1.636,1017
1.638,1008
1.64,1019
1.642,1016
1.644,1013
1.646,1016
1.648,1009
1.65,1014
1.652,1014
1.654,1006
1.656,998
1.658,1019
1.66,1017
1.662,1018
1.664,1008
1.666,1018
1.668,1008
1.67,1011
1.672,1012
1.674,1012
1.676,1023
1.678,1012
1.68,1030
1.682,1013
1.684,1000
1.686,1023
1.688,1003
1.69,1014
1.692,1013
1.694,1018
1.696,1025
1.698,1018
1.7,1007
1.702,1017
1.704,1009
1.706,1012
1.708,1016
1.71,1020
1.712,1009
1.714,1008
1.716,1015
1.718,1026
1.72,1014
1.722,1014
1.724,1009
1.726,1011
1.728,1006
1.73,1005
1.732,1003
1.734,1007
1.736,1001
1.738,1014
1.74,1007
1.742,1008
1.744,1008
1.746,1008
1.748,1000
1.75,1014
1.752,1020
1.754,1010
1.756,1007
1.758,1004
1.76,1022
1.762,1020
1.764,1009
1.766,1021
1.768,1022
1.77,1015
1.772,1004
1.774,1024
1.776,1022
1.778,1011
1.78,1025
1.782,1017
1.784,1019
1.786,1011
1.788,1012
1.79,1013
1.792,1014
1.794,1015
1.796,1027
1.798,1014
1.8,1008
1.802,1009
1.804,1019
1.806,1013
1.808,1006
1.81,1019
1.812,1016
1.814,1019
1.816,1020
1.818,1022
1.82,1010
1.822,1020
1.824,1009
1.826,1022
1.828,1021
1.83,1002
1.832,1016
1.834,1000
1.836,1016
1.838,1017
1.84,1003
1.842,1019
1.844,1027
1.846,1023
1.848,1032
1.85,1044
1.852,1063
1.854,1064
1.856,1076
1.858,1080
1.86,1084
1.862,1086
1.864,1105
1.866,1107
1.868,1106
1.87,1124
1.872,1126
1.874,1134
1.876,1123
1.878,1137
1.88,1143
1.882,1149
1.884,1155
1.886,1154
1.888,1163
1.89,1161
1.892,1171
1.894,1178
1.896,1167
1.898,1169
1.9,1176
1.902,1189
1.904,1185
1.906,1175
1.908,1172
1.91,1188
1.912,1184
1.914,1187
1.916,1178
1.918,1178
1.92,1172
1.922,1161
1.924,1166
1.926,1146
1.928,1148
1.93,1129
1.932,1117
1.934,1114
1.936,1103
1.938,1088
1.94,1069
1.942,1068
1.944,1061
1.946,1035
1.948,1010
1.95,1009
1.952,1003
1.954,1025
1.956,1009
1.958,1022
1.96,1006
1.962,1012
1.964,1016
1.966,1013
1.968,1014
1.97,1012
1.972,1013
1.974,1017
1.976,1009
1.978,1021
1.98,1013
1.982,1018
1.984,1017
1.986,1016
1.988,1028
1.99,1010
1.992,1005
1.994,1015
1.996,1019
1.998,1002
2,1010
2.002,1006
2.004,1003
2.006,1018
2.008,1015
2.01,1004
2.012,1013
2.014,1010
2.016,1014
2.018,1002
2.02,1002
2.022,1006
2.024,1010
2.026,1014
2.028,995
2.03,989
2.032,963
2.034,942
2.036,919
2.038,876
2.04,848
2.042,806
2.044,793
2.046,912
2.048,1042
2.05,1177
2.052,1303
2.054,1430
2.056,1553
2.058,1686
2.06,1792
2.062,1941
2.064,2068
2.066,2189
2.068,2310
2.07,2414
2.072,2329
2.074,2194
2.076,2081
2.078,1945
2.08,1827
2.082,1678
2.084,1572
2.086,1442
2.088,1302
2.09,1178
2.092,1052
2.094,927
2.096,803
2.098,661
2.1,619
2.102,712
2.104,765
2.106,806
2.108,865
2.11,910
2.112,940
2.114,978
2.116,987
2.118,1029
2.12,1002
2.122,1011
2.124,1018
2.126,1008
2.128,1010
2.13,1015
2.132,1012
2.134,1014
2.136,1010
2.138,1007
2.14,1014
2.142,1029
2.144,1016
2.146,998
2.148,1014
2.15,1021
2.152,1014
2.154,1016
2.156,1018
2.158,1002
2.16,1013
2.162,1016
2.164,1028
2.166,1017
2.168,1006
2.17,1008
2.172,1018
2.174,1002
2.176,1016
2.178,1009
2.18,1004
2.182,1017
2.184,1018
2.186,1008
2.188,1026
2.19,1015
2.192,1014
2.194,1005
2.196,1016
2.198,1004
2.2,1017
2.202,1017
2.204,1007
2.206,1022
2.208,1010
2.21,1017
2.212,1010
2.214,1005
2.216,1017
2.218,1004
2.22,1013
2.222,1000
2.224,1006
2.226,1019
2.228,1026
2.23,1015
2.232,1002
2.234,1005
2.236,1006
2.238,1009
2.24,1027
2.242,1017
2.244,1014
2.246,997
2.248,1008
2.25,1017
2.252,1021
2.254,1009
2.256,1012
2.258,1012
2.26,1017
2.262,1016
2.264,1015
2.266,1022
2.268,1043
2.27,1040
2.272,1035
2.274,1044
2.276,1061
2.278,1050
2.28,1060
2.282,1057
2.284,1074
2.286,1082
2.288,1076
2.29,1088
2.292,1096
2.294,1103
2.296,1105
2.298,1113
2.3,1099
2.302,1130
2.304,1125
2.306,1131
2.308,1138
2.31,1137
2.312,1147
2.314,1141
2.316,1150
2.318,1153
2.32,1163
2.322,1170
2.324,1175
2.326,1167
2.328,1171
2.33,1174
2.332,1173
2.334,1180
2.336,1186
2.338,1179
2.34,1199
2.342,1209
2.344,1207
2.346,1208
2.348,1217
2.35,1226
2.352,1228
2.354,1227
2.356,1211
2.358,1221
2.36,1226
2.362,1234
2.364,1232
2.366,1238
2.368,1239
2.37,1237
2.372,1246
2.374,1247
2.376,1254
2.378,1258
2.38,1243
2.382,1252
2.384,1260
2.386,1252
2.388,1271
2.39,1262
2.392,1261
2.394,1257
2.396,1259
2.398,1274
2.4,1265
2.402,1272
2.404,1263
2.406,1269
2.408,1263
2.41,1276
2.412,1267
2.414,1262
2.416,1271
2.418,1268
2.42,1268
2.422,1257
2.424,1250
2.426,1249
2.428,1258
2.43,1259
2.432,1261
2.434,1237
2.436,1249
2.438,1238
2.44,1223
2.442,1225
2.444,1221
2.446,1218
2.448,1209
2.45,1198
2.452,1187
2.454,1186
2.456,1166
2.458,1178
2.46,1167
2.462,1164
2.464,1144
2.466,1142
2.468,1122
2.47,1125
2.472,1112
2.474,1096
2.476,1087
2.478,1079
2.48,1067
2.482,1063
2.484,1050
2.486,1039
2.488,1022
2.49,1017
2.492,1007
2.494,1008
2.496,1020
2.498,1000
2.5,1025
2.502,1017
2.504,1006
2.506,1017
2.508,1011
2.51,1005
2.512,1017
2.514,1013
2.516,1017
2.518,1021
2.52,1013
2.522,1020
2.524,1011
2.526,1010
2.528,1016
2.53,1007
2.532,1017
2.534,1011
2.536,994
2.538,1015
2.54,1028
2.542,1048
2.544,1058
2.546,1044
2.548,1059
2.55,1058
2.552,1059
2.554,1070
2.556,1059
2.558,1073
2.56,1075
2.562,1064
2.564,1064
2.566,1055
2.568,1052
2.57,1056
2.572,1050
2.574,1033
2.576,1026
2.578,1014
2.58,1017
2.582,1002
2.584,1013
2.586,1020
2.588,1011
2.59,1010
2.592,1019
2.594,1014
2.596,1018
2.598,1013
2.6,1017
2.602,1007
2.604,1022
2.606,1017
2.608,1000
2.61,1019
2.612,1007
2.614,1013
2.616,999
2.618,1013
2.62,1017
2.622,1012
2.624,1013
2.626,1018
2.628,1004
2.63,1012
2.632,1007
2.634,1017
2.636,999
2.638,1004
2.64,1014
2.642,1005
2.644,1013
2.646,1022
2.648,1008
2.65,1012
2.652,1009
2.654,1023
2.656,1013
2.658,1015
2.66,1013
2.662,1009
2.664,1007
2.666,1002
2.668,1019
2.67,1014
2.672,1014
2.674,1020
2.676,1012
2.678,1013
2.68,1003
2.682,1020
2.684,1007
2.686,1010
2.688,1009
2.69,1013
2.692,1014
2.694,1013
2.696,1016
2.698,1012
2.7,1009
2.702,1008
2.704,1003
2.706,1010
2.708,1019
2.71,1009
2.712,1012
2.714,1010
2.716,1017
2.718,1016
2.72,1015
2.722,1025
2.724,1009
2.726,1015
2.728,1017
2.73,1015
2.732,1009
2.734,1018
2.736,1009
2.738,1012
2.74,1026
2.742,1009
2.744,1023
2.746,1020
2.748,1011
2.75,1016
2.752,1017
2.754,1010
2.756,1009
2.758,1018
2.76,1005
2.762,1010
2.764,1020
2.766,1014
2.768,1025
2.77,1007
2.772,1007
2.774,1007
2.776,1011
2.778,1017
2.78,1004
2.782,1015
2.784,1010
2.786,1018
2.788,1008
2.79,1009
2.792,1023
2.794,1033
2.796,1027
2.798,1012
2.8,1029
2.802,1004
2.804,1017
2.806,1027
2.808,1008
2.81,1009
2.812,1010
2.814,1011
2.816,1003
2.818,1021
2.82,1015
2.822,1022
2.824,1008
2.826,1013
2.828,1017
2.83,1023
2.832,1010
2.834,997
2.836,999
2.838,1013
2.84,1009
2.842,1005
2.844,1017
2.846,1023
2.848,1055
2.85,1054
2.852,1061
2.854,1075
2.856,1068
2.858,1101
2.86,1095
2.862,1097
2.864,1089
2.866,1110
2.868,1099
2.87,1115
2.872,1124
2.874,1131
2.876,1142
2.878,1136
2.88,1158
2.882,1148
2.884,1155
2.886,1161
2.888,1162
2.89,1167
2.892,1172
2.894,1171
2.896,1167
2.898,1174
2.9,1174
2.902,1174
2.904,1179
2.906,1184
2.908,1193
2.91,1176
2.912,1179
2.914,1188
2.916,1179
2.918,1176
2.92,1175
2.922,1171
2.924,1157
2.926,1170
2.928,1143
2.93,1129
2.932,1123
2.934,1114
2.936,1107
2.938,1092
2.94,1088
2.942,1052
2.944,1061
2.946,1024
2.948,1014
2.95,1019
2.952,1012
2.954,1001
2.956,1014
2.958,1003
2.96,1010
2.962,1016
2.964,1017
2.966,1010
2.968,1030
2.97,1013
2.972,1011
2.974,1004
2.976,1010
2.978,1018
2.98,1015
2.982,1020
2.984,1021
2.986,1015
2.988,1017
2.99,1005
2.992,1018
2.994,1009
2.996,1015
2.998,1013
3,1027
3.002,1011
3.004,1012
3.006,1009
3.008,1020
3.01,1018
3.012,1008
3.014,1015
3.016,1012
3.018,1013
3.02,1013
3.022,1008
3.024,1016
3.026,1023
3.028,1001
3.03,978
3.032,962
3.034,937
3.036,907
3.038,875
3.04,851
3.042,811
3.044,772
3.046,913
3.048,1040
3.05,1172
3.052,1305
3.054,1433
3.056,1551
3.058,1670
3.06,1813
3.062,1920
3.064,2059
3.066,2189
3.068,2317
3.07,2406
3.072,2314
3.074,2203
3.076,2069
3.078,1961
3.08,1811
3.082,1697
3.084,1568
3.086,1447
3.088,1324
3.09,1180
3.092,1048
3.094,924
3.096,810
3.098,669
3.1,609
3.102,692
3.104,765
3.106,813
3.108,865
3.11,906
3.112,944
3.114,966
3.116,989
3.118,1006
3.12,1036
3.122,1022
3.124,1021
3.126,1018
3.128,1017
3.13,1000
3.132,1020
3.134,1010
3.136,1013
3.138,1011
3.14,1006
3.142,1020
3.144,1020
3.146,1013
3.148,993
3.15,1022
3.152,1014
3.154,1019
3.156,1007
3.158,1021
3.16,1021
3.162,1018
3.164,1003
3.166,1012
3.168,1017
3.17,1011
3.172,1010
3.174,1029
3.176,1017
3.178,1015
3.18,1018
3.182,1014
3.184,1007
3.186,1037
3.188,1010
3.19,1012
3.192,1022
3.194,1013
3.196,1007
3.198,1021
3.2,1021
3.202,1014
3.204,1015
3.206,1013
3.208,1027
3.21,1009
3.212,1009
3.214,1010
3.216,1014
3.218,1012
3.22,1012
3.222,1005
3.224,1008
3.226,1014
3.228,1020
3.23,1016
3.232,1015
3.234,1019
3.236,1015
3.238,1017
3.24,1017
3.242,1010
3.244,1010
3.246,1007
3.248,1016
3.25,1012
3.252,1035
3.254,1014
3.256,1012
3.258,1008
3.26,1021
3.262,1023
3.264,1012
3.266,1033
3.268,1028
3.27,1042
3.272,1038
3.274,1056
3.276,1047
3.278,1057
3.28,1066
3.282,1081
3.284,1070
3.286,1074
3.288,1090
3.29,1090
3.292,1092
3.294,1094
3.296,1111
3.298,1111
3.3,1108
3.302,1107
3.304,1117
3.306,1132
3.308,1134
3.31,1136
3.312,1147
3.314,1152
3.316,1162
3.318,1156
3.32,1158
3.322,1160
3.324,1160
3.326,1178
3.328,1172
3.33,1183
3.332,1194
3.334,1186
3.336,1190
3.338,1211
3.34,1204
3.342,1200
3.344,1205
3.346,1207
3.348,1206
3.35,1218
3.352,1219
3.354,1234
3.356,1228
3.358,1218
3.36,1231
3.362,1233
3.364,1247
3.366,1244
3.368,1240
3.37,1238
3.372,1248
3.374,1250
3.376,1237
3.378,1239
3.38,1249
3.382,1252
3.384,1250
3.386,1260
3.388,1255
3.39,1254
3.392,1262
3.394,1265
3.396,1263
3.398,1274
3.4,1260
3.402,1261
3.404,1268
3.406,1274
3.408,1259
3.41,1269
3.412,1268
3.414,1265
3.416,1264
3.418,1258
3.42,1269
3.422,1266
3.424,1267
3.426,1256
3.428,1263
3.43,1254
3.432,1251
3.434,1241
3.436,1228
3.438,1240
3.44,1228
3.442,1224
3.444,1222
3.446,1211
3.448,1206
3.45,1201
3.452,1187
3.454,1182
3.456,1192
3.458,1168
3.46,1156
3.462,1162
3.464,1149
3.466,1144
3.468,1139
3.47,1117
3.472,1117
3.474,1093
3.476,1091
3.478,1084
3.48,1081
3.482,1052
3.484,1048
3.486,1037
3.488,1017
3.49,1015
3.492,1007
3.494,1002
3.496,1018
3.498,1015
3.5,1030
3.502,1010
3.504,1012
3.506,1008
3.508,1015
3.51,1011
3.512,1011
3.514,1021
3.516,1000
3.518,1014
3.52,1015
3.522,1011
3.524,999
3.526,1003
3.528,1011
3.53,1005
3.532,1012
3.534,1013
3.536,1013
3.538,1016
3.54,1028
3.542,1037
3.544,1048
3.546,1060
3.548,1054
3.55,1062
3.552,1070
3.554,1066
3.556,1080
3.558,1085
3.56,1077
3.562,1068
3.564,1054
3.566,1050
3.568,1058
3.57,1059
3.572,1051
3.574,1038
3.576,1036
3.578,994
3.58,1012
3.582,1007
3.584,1009
3.586,999
3.588,1000
3.59,1001
3.592,1017
3.594,1014
3.596,1020
3.598,1008
3.6,1011
3.602,1006
3.604,1023
3.606,1009
3.608,1014
3.61,1013
3.612,1018
3.614,1024
3.616,1011
3.618,1009
3.62,1008
3.622,1003
3.624,1001
3.626,1015
3.628,1010
3.63,1013
3.632,1011
3.634,1020
3.636,1017
3.638,1001
3.64,1016
3.642,1011
3.644,1012
3.646,1017
3.648,1025
3.65,1009
3.652,1013
3.654,1013
3.656,1008
3.658,1015
3.66,1010
3.662,1007
3.664,1011
3.666,1008
3.668,1006
3.67,1016
3.672,1001
3.674,1018
3.676,1016
3.678,1019
3.68,1014
3.682,1011
3.684,1026
3.686,1022
3.688,995
3.69,998
3.692,1012
3.694,1016
3.696,1014
3.698,1012
3.7,1010
3.702,1004
3.704,1006
3.706,1006
3.708,1021
3.71,1011
3.712,1016
3.714,1009
3.716,1006
3.718,1018
3.72,1019
3.722,1018
3.724,1010
3.726,1016
3.728,1023
3.73,1017
3.732,1014
3.734,1018
3.736,1015
3.738,1021
3.74,1021
3.742,1012
3.744,1000
3.746,1012
3.748,1015
3.75,1008
3.752,1009
3.754,1010
3.756,1011
3.758,1012
3.76,1001
3.762,998
3.764,999
3.766,1011
3.768,1020
3.77,1009
3.772,1010
3.774,1007
3.776,1007
3.778,1015
3.78,1012
3.782,1023
3.784,1019
3.786,1014
3.788,1003
3.79,1012
3.792,1013
3.794,1014
3.796,1020
3.798,1011
3.8,1009
3.802,1015
3.804,1022
3.806,1015
3.808,1026
3.81,1010
3.812,1016
3.814,1015
3.816,1006
3.818,1018
3.82,1006
3.822,1007
3.824,1013
3.826,1013
3.828,1023
3.83,1006
3.832,1015
3.834,1017
3.836,1004
3.838,1001
3.84,1015
3.842,1037
3.844,1026
3.846,1043
3.848,1054
3.85,1042
3.852,1048
3.854,1073
3.856,1067
3.858,1078
3.86,1085
3.862,1089
3.864,1095
3.866,1108
3.868,1112
3.87,1117
3.872,1120
3.874,1133
3.876,1137
3.878,1130
3.88,1150
3.882,1146
3.884,1147
3.886,1155
3.888,1156
3.89,1166
3.892,1170
3.894,1166
3.896,1172
3.898,1169
3.9,1182
3.902,1194
3.904,1180
3.906,1181
3.908,1175
3.91,1182
3.912,1191
3.914,1178
3.916,1191
3.918,1174
3.92,1165
3.922,1163
3.924,1172
3.926,1158
3.928,1157
3.93,1139
3.932,1134
3.934,1110
3.936,1099
3.938,1091
3.94,1083
3.942,1067
3.944,1049
3.946,1031
3.948,1024
3.95,1008
3.952,1029
3.954,1007
3.956,997
3.958,1011
3.96,1020
3.962,996
3.964,1038
3.966,1012
3.968,1025
3.97,1010
3.972,1000
3.974,1018
3.976,1008
3.978,1015
3.98,1001
3.982,1012
3.984,1020
3.986,1007
3.988,1020
3.99,1002
3.992,1005
3.994,1017
3.996,1017
3.998,1018
4,1000
4.002,1007
4.004,1010
4.006,1008
4.008,1009
4.01,1011
4.012,1021
4.014,1023
4.016,1008
4.018,1012
4.02,1020
4.022,1027
4.024,1012
4.026,1008
4.028,989
4.03,973
4.032,957
4.034,928
4.036,914
4.038,887
4.04,848
4.042,812
4.044,781
4.046,915
4.048,1047
4.05,1169
4.052,1286
4.054,1420
4.056,1541
4.058,1682
4.06,1807
4.062,1933
4.064,2053
4.066,2180
4.068,2311
4.07,2409
4.072,2330
4.074,2199
4.076,2068
4.078,1948
4.08,1829
4.082,1693
4.084,1554
4.086,1440
4.088,1304
4.09,1181
4.092,1062
4.094,914
4.096,797
4.098,673
4.1,620
4.102,704
4.104,762
4.106,805
4.108,858
4.11,907
4.112,950
4.114,962
4.116,997
4.118,1009
4.12,1019
4.122,1011
4.124,1009
4.126,1019
4.128,1015
4.13,1015
4.132,1001
4.134,1005
4.136,1015
4.138,1027
4.14,1031
4.142,1011
4.144,1027
4.146,1004
4.148,1011
4.15,1016
4.152,1012
4.154,1011
4.156,1016
4.158,1011
4.16,1023
4.162,1004
4.164,1016
4.166,998
4.168,1019
4.17,1006
4.172,1012
4.174,1018
4.176,1013
4.178,1013
4.18,1013
4.182,1003
4.184,1007
4.186,1028
4.188,1007
4.19,1015
4.192,1007
4.194,1008
4.196,1010
4.198,1021
4.2,1015
4.202,1012
4.204,1005
4.206,1016
4.208,1012
4.21,1015
4.212,1016
4.214,1019
4.216,1014
4.218,1019
4.22,1017
4.222,1013
4.224,1006
4.226,1011
4.228,1007
4.23,1008
4.232,1009
4.234,1008
4.236,1004
4.238,1006
4.24,1018
4.242,1014
4.244,1008
4.246,1014
4.248,1016
4.25,1007
4.252,1002
4.254,1016
4.256,1016
4.258,1005
4.26,1015
4.262,1022
4.264,1027
4.266,1017
4.268,1019
4.27,1048
4.272,1050
4.274,1047
4.276,1068
4.278,1058
4.28,1074
4.282,1073
4.284,1074
4.286,1084
4.288,1093
4.29,1093
4.292,1090
4.294,1090
4.296,1109
4.298,1109
4.3,1119
4.302,1127
4.304,1132
4.306,1144
4.308,1138
4.31,1131
4.312,1152
4.314,1144
4.316,1159
4.318,1156
4.32,1163
4.322,1163
4.324,1170
4.326,1184
4.328,1174
4.33,1182
4.332,1185
4.334,1180
4.336,1177
4.338,1195
4.34,1190
4.342,1207
4.344,1214
4.346,1218
4.348,1214
4.35,1211
4.352,1226
4.354,1223
4.356,1223
4.358,1224
4.36,1233
4.362,1228
4.364,1238
4.366,1239
4.368,1238
4.37,1237
4.372,1229
4.374,1245
4.376,1253
4.378,1250
4.38,1247
4.382,1245
4.384,1252
4.386,1255
4.388,1263
4.39,1252
4.392,1249
4.394,1258
4.396,1269
4.398,1275
4.4,1267
4.402,1256
4.404,1268
4.406,1268
4.408,1271
4.41,1267
4.412,1271
4.414,1272
4.416,1265
4.418,1269
4.42,1261
4.422,1264
4.424,1256
4.426,1263
4.428,1257
4.43,1244
4.432,1239
4.434,1244
4.436,1230
4.438,1243
4.44,1221
4.442,1232
4.444,1229
4.446,1218
4.448,1211
4.45,1210
4.452,1195
4.454,1188
4.456,1173
4.458,1173
4.46,1170
4.462,1143
4.464,1138
4.466,1141
4.468,1124
4.47,1123
4.472,1115
4.474,1097
4.476,1095
4.478,1091
4.48,1066
4.482,1065
4.484,1043
4.486,1046
4.488,1022
4.49,1009
4.492,1020
4.494,1013
4.496,1021
4.498,1013
4.5,1017
4.502,1008
4.504,1008
4.506,1009
4.508,1002
4.51,1000
4.512,1026
4.514,1013
4.516,994
4.518,1003
4.52,1010
4.522,1015
4.524,1013
4.526,1009
4.528,1015
4.53,1008
4.532,1011
4.534,1008
4.536,1012
4.538,1013
4.54,1028
4.542,1039
4.544,1052
4.546,1056
4.548,1052
4.55,1062
4.552,1073
4.554,1088
4.556,1068
4.558,1074
4.56,1075
4.562,1076
4.564,1065
4.566,1072
4.568,1056
4.57,1034
4.572,1050
4.574,1031
4.576,1034
4.578,1007
4.58,1007
4.582,1025
4.584,1013
4.586,1014
4.588,1028
4.59,1011
4.592,1016
4.594,1012
4.596,1022
4.598,1008
4.6,1001
4.602,1006
4.604,1016
4.606,1017
4.608,1007
4.61,1019
4.612,992
4.614,1000
4.616,1015
4.618,1027
4.62,1021
4.622,1020
4.624,1016
4.626,1011
4.628,1003
4.63,1006
4.632,1012
4.634,1008
4.636,1009
4.638,1011
4.64,1016
4.642,1035
4.644,1027
4.646,1012
4.648,1013
4.65,1018
4.652,1009
4.654,1007
4.656,1006
4.658,1005
4.66,1013
4.662,1025
4.664,1013
4.666,1013
4.668,1008
4.67,1024
4.672,1022
4.674,993
4.676,1023
4.678,1020
4.68,1011
4.682,1012
4.684,1015
4.686,1015
4.688,1011
4.69,1011
4.692,1011
4.694,1013
4.696,1012
4.698,1011
4.7,1012
4.702,1009
4.704,1006
4.706,1012
4.708,1012
4.71,1017
4.712,1022
4.714,1009
4.716,1018
4.718,1018
4.72,1002
4.722,1012
4.724,1015
4.726,1013
4.728,1019
4.73,1016
4.732,1012
4.734,1009
4.736,1011
4.738,1016
4.74,1021
4.742,1012
4.744,1014
4.746,1016
4.748,1019
4.75,1014
4.752,1021
4.754,1021
4.756,1004
4.758,1006
4.76,1008
4.762,1019
4.764,1013
4.766,1017
4.768,1009
4.77,1009
4.772,1004
4.774,1005
4.776,1012
4.778,1021
4.78,1005
4.782,1001
4.784,1012
4.786,1011
4.788,998
4.79,1011
4.792,1028
4.794,1018
4.796,1006
4.798,1012
4.8,1009
4.802,1007
4.804,1022
4.806,1009
4.808,1013
4.81,1012
4.812,1010
4.814,1009
4.816,1015
4.818,1015
4.82,1009
4.822,1004
4.824,1010
4.826,1019
4.828,1014
4.83,1016
4.832,1011
4.834,1006
4.836,1010
4.838,1017
4.84,1026
4.842,1030
4.844,1037
4.846,1033
4.848,1055
4.85,1059
4.852,1058
4.854,1060
4.856,1078
4.858,1083
4.86,1088
4.862,1098
4.864,1085
4.866,1096
4.868,1102
4.87,1124
4.872,1134
4.874,1115
4.876,1111
4.878,1131
4.88,1143
4.882,1139
4.884,1146
4.886,1149
4.888,1156
4.89,1157
4.892,1180
4.894,1173
4.896,1164
4.898,1171
4.9,1164
4.902,1178
4.904,1189
4.906,1170
4.908,1189
4.91,1171
4.912,1187
4.914,1182
4.916,1174
4.918,1188
4.92,1175
4.922,1162
4.924,1151
4.926,1153
4.928,1143
4.93,1147
4.932,1126
4.934,1118
4.936,1088
4.938,1092
4.94,1072
4.942,1061
4.944,1044
4.946,1018
4.948,1024
4.95,1004
4.952,1008
4.954,1015
4.956,1018
4.958,1017
4.96,1019
4.962,1029
4.964,1023
4.966,1007
4.968,1020
4.97,1011
4.972,1007
4.974,1016
4.976,1016
4.978,1022
4.98,1005
4.982,1017
4.984,1025
4.986,1010
4.988,1027
4.99,1016
4.992,1006
4.994,1015
4.996,1008
4.998,1016
5,1018
5.002,1012
5.004,1017
5.006,1013
5.008,1016
5.01,1012
5.012,998
5.014,1010
5.016,1018
5.018,1009
5.02,1001
5.022,1007
5.024,1018
5.026,1007
5.028,1004
5.03,981
5.032,967
5.034,941
5.036,915
5.038,885
5.04,844
5.042,808
5.044,787
5.046,915
5.048,1036
5.05,1157
5.052,1289
5.054,1422
5.056,1547
5.058,1681
5.06,1791
5.062,1932
5.064,2049
5.066,2196
5.068,2304
5.07,2410
5.072,2324
5.074,2198
5.076,2068
5.078,1946
5.08,1822
5.082,1694
5.084,1553
5.086,1434
5.088,1301
5.09,1179
5.092,1064
5.094,927
5.096,797
5.098,674
5.1,609
5.102,706
5.104,762
5.106,804
5.108,866
5.11,913
5.112,945
5.114,975
5.116,1001
5.118,1013
5.12,1009
5.122,1007
5.124,1017
5.126,1003
5.128,1010
5.13,1013
5.132,1016
5.134,1010
5.136,1021
5.138,1020
5.14,1008
5.142,1009
5.144,1005
5.146,1013
5.148,1004
5.15,1018
5.152,1000
5.154,1011
5.156,1005
5.158,1009
5.16,1018
5.162,1021
5.164,1024
5.166,1013
5.168,1021
5.17,1015
5.172,1011
5.174,1011
5.176,1008
5.178,1006
5.18,1008
5.182,1030
5.184,1010
5.186,1008
5.188,1003
5.19,1012
5.192,1008
5.194,1023
5.196,1019
5.198,1022
5.2,1005
5.202,1013
5.204,1018
5.206,1018
5.208,1009
5.21,1023
5.212,1021
5.214,1009
5.216,1006
5.218,1012
5.22,1019
5.222,1016
5.224,1012
5.226,1011
5.228,1021
5.23,1006
5.232,1010
5.234,1010
5.236,1023
5.238,1008
5.24,1013
5.242,1006
5.244,1010
5.246,1014
5.248,998
5.25,1016
5.252,1008
5.254,1013
5.256,1016
5.258,1004
5.26,1005
5.262,1011
5.264,1017
5.266,1030
5.268,1037
5.27,1047
5.272,1045
5.274,1051
5.276,1059
5.278,1055
5.28,1065
5.282,1071
5.284,1083
5.286,1082
5.288,1083
5.29,1098
5.292,1090
5.294,1100
5.296,1100
5.298,1117
5.3,1108
5.302,1124
5.304,1120
5.306,1125
5.308,1129
5.31,1135
5.312,1145
5.314,1143
5.316,1151
5.318,1152
5.32,1154
5.322,1161
5.324,1158
5.326,1174
5.328,1178
5.33,1176
5.332,1179
5.334,1184
5.336,1187
5.338,1197
5.34,1196
5.342,1196
5.344,1200
5.346,1215
5.348,1220
5.35,1210
5.352,1214
5.354,1222
5.356,1220
5.358,1227
5.36,1236
5.362,1230
5.364,1226
5.366,1235
5.368,1241
5.37,1253
5.372,1253
5.374,1239
5.376,1263
5.378,1248
5.38,1246
5.382,1256
5.384,1256
5.386,1252
5.388,1257
5.39,1261
5.392,1254
5.394,1275
5.396,1262
5.398,1271
5.4,1277
5.402,1264
5.404,1270
5.406,1265
5.408,1269
5.41,1270
5.412,1272
5.414,1259
5.416,1262
5.418,1264
5.42,1268
5.422,1265
5.424,1266
5.426,1257
5.428,1257
5.43,1252
5.432,1253
5.434,1242
5.436,1246
5.438,1235
5.44,1224
5.442,1234
5.444,1216
5.446,1216
5.448,1212
5.45,1197
5.452,1195
5.454,1187
5.456,1166
5.458,1163
5.46,1159
5.462,1146
5.464,1143
5.466,1137
5.468,1131
5.47,1116
5.472,1109
5.474,1096
5.476,1085
5.478,1081
5.48,1082
5.482,1067
5.484,1043
5.486,1032
5.488,1025
5.49,1016
5.492,1013
5.494,1007
5.496,1014
5.498,1011
5.5,1008
5.502,1011
5.504,1011
5.506,1020
5.508,1014
5.51,1010
5.512,1008
5.514,1013
5.516,1006
5.518,1006
5.52,1015
5.522,1016
5.524,995
5.526,1009
5.528,1017
5.53,1007
5.532,1020
5.534,1025
5.536,1016
5.538,1030
5.54,1034
5.542,1040
5.544,1049
5.546,1039
5.548,1058
5.55,1071
5.552,1072
5.554,1066
5.556,1072
5.558,1081
5.56,1072
5.562,1064
5.564,1061
5.566,1061
5.568,1048
5.57,1050
5.572,1039
5.574,1031
5.576,1026
5.578,1027
5.58,1010
5.582,1015
5.584,1014
5.586,1009
5.588,1016
5.59,1006
5.592,1016
5.594,1009
5.596,1007
5.598,1003
5.6,1031
5.602,1018
5.604,1016
5.606,1020
5.608,1003
5.61,1006
5.612,1017
5.614,1012
5.616,1000
5.618,999
5.62,1009
5.622,1011
5.624,1009
5.626,1019
5.628,1017
5.63,1018
5.632,1012
5.634,1005
5.636,1009
5.638,1013
5.64,1020
5.642,1019
5.644,1009
5.646,1024
5.648,1009
5.65,1004
5.652,1009
5.654,1011
5.656,1011
5.658,1000
5.66,1003
5.662,1010
5.664,1016
5.666,1006
5.668,1014
5.67,1013
5.672,1013
5.674,1006
5.676,1003
5.678,1004
5.68,1010
5.682,1012
5.684,1005
5.686,1014
5.688,1016
5.69,1007
5.692,1012
5.694,1018
5.696,1013
5.698,1019
5.7,1014
5.702,1011
5.704,1014
5.706,1014
5.708,1013
5.71,1010
5.712,1018
5.714,1019
5.716,1015
5.718,1017
5.72,1006
5.722,1008
5.724,1017
5.726,1016
5.728,1005
5.73,1003
5.732,1002
5.734,1014
5.736,1020
5.738,1007
5.74,1017
5.742,1006
5.744,1005
5.746,1016
5.748,1009
5.75,1010
5.752,1008
5.754,1019
5.756,1016
5.758,1011
5.76,1016
5.762,1008
5.764,1017
5.766,998
5.768,1011
5.77,1011
5.772,1030
5.774,1004
5.776,1007
5.778,999
5.78,1003
5.782,1010
5.784,1011
5.786,1006
5.788,1019
5.79,1018
5.792,1004
5.794,1017
5.796,1006
5.798,1014
5.8,1013
5.802,1016
5.804,1006
5.806,1013
5.808,1026
5.81,1009
5.812,1020
5.814,1020
5.816,1021
5.818,1011
5.82,1013
5.822,1016
5.824,1022
5.826,1000
5.828,1007
5.83,1016
5.832,1016
5.834,1013
5.836,1020
5.838,1012
5.84,1008
5.842,1027
5.844,1025
5.846,1033
5.848,1038
5.85,1062
5.852,1064
5.854,1057
5.856,1068
5.858,1079
5.86,1102
5.862,1090
5.864,1097
5.866,1098
5.868,1115
5.87,1117
5.872,1124
5.874,1125
5.876,1136
5.878,1139
5.88,1131
5.882,1155
5.884,1154
5.886,1156
5.888,1162
5.89,1171
5.892,1165
5.894,1169
5.896,1168
5.898,1172
5.9,1180
5.902,1177
5.904,1188
5.906,1183
5.908,1179
5.91,1191
5.912,1184
5.914,1177
5.916,1174
5.918,1165
5.92,1166
5.922,1161
5.924,1159
5.926,1150
5.928,1140
5.93,1141
5.932,1118
5.934,1120
5.936,1099
5.938,1084
5.94,1078
5.942,1055
5.944,1049
5.946,1029
5.948,1017
5.95,1023
5.952,1004
5.954,1016
5.956,1004
5.958,1008
5.96,1015
5.962,1009
5.964,1011
5.966,1007
5.968,1005
5.97,1011
5.972,1014
5.974,1009
5.976,1020
5.978,1006
5.98,1016
5.982,1018
5.984,1013
5.986,1015
5.988,1018
5.99,1009
5.992,1012
5.994,1029
5.996,1022
5.998,1006
6,1013
6.002,1020
6.004,1007
6.006,1015
6.008,998
6.01,1016
6.012,1007
6.014,1013
6.016,1013
6.018,1017
6.02,1018
6.022,1020
6.024,1012
6.026,1024
6.028,1001
6.03,996
6.032,959
6.034,941
6.036,924
6.038,881
6.04,844
6.042,813
6.044,787
6.046,907
6.048,1042
6.05,1165
6.052,1284
6.054,1424
6.056,1539
6.058,1680
6.06,1810
6.062,1929
6.064,2038
6.066,2181
6.068,2308
6.07,2402
6.072,2329
6.074,2203
6.076,2079
6.078,1942
6.08,1820
6.082,1704
6.084,1572
6.086,1443
6.088,1314
6.09,1198
6.092,1055
6.094,933
6.096,798
6.098,676
6.1,620
6.102,697
6.104,764
6.106,802
6.108,852
6.11,904
6.112,940
6.114,964
6.116,997
6.118,1009
6.12,1023
6.122,1016
6.124,1009
6.126,1004
6.128,1007
6.13,1016
6.132,1004
6.134,1005
6.136,1017
6.138,1023
6.14,1012
6.142,1010
6.144,1014
6.146,1011
6.148,1022
6.15,1008
6.152,1013
6.154,1017
6.156,1007
6.158,1007
6.16,1015
6.162,1013
6.164,1001
6.166,1017
6.168,1008
6.17,1015
6.172,1020
6.174,1020
6.176,1025
6.178,1019
6.18,1010
6.182,1021
6.184,1006
6.186,1002
6.188,1019
6.19,1008
6.192,1018
6.194,1008
6.196,1019
6.198,1014
6.2,1000
6.202,1015
6.204,1009
6.206,1000
6.208,1006
6.21,1005
6.212,1010
6.214,1007
6.216,998
6.218,1015
6.22,996
6.222,1008
6.224,1031
6.226,1024
6.228,1020
6.23,1013
6.232,1003
6.234,1008
6.236,1018
6.238,1018
6.24,1006
6.242,1010
6.244,1009
6.246,1004
6.248,1012
6.25,1011
6.252,1003
6.254,1024
6.256,1004
6.258,1015
6.26,1004
6.262,1016
6.264,1015
6.266,1028
6.268,1038
6.27,1029
6.272,1045
6.274,1055
6.276,1048
6.278,1069
6.28,1068
6.282,1077
6.284,1073
6.286,1080
6.288,1093
6.29,1091
6.292,1095
6.294,1098
6.296,1105
6.298,1108
6.3,1120
6.302,1108
6.304,1124
6.306,1127
6.308,1131
6.31,1137
6.312,1137
6.314,1149
6.316,1142
6.318,1151
6.32,1159
6.322,1166
6.324,1162
6.326,1176
6.328,1176
6.33,1176
6.332,1192
6.334,1179
6.336,1188
6.338,1195
6.34,1206
6.342,1215
6.344,1203
6.346,1204
6.348,1214
6.35,1227
6.352,1218
6.354,1217
6.356,1216
6.358,1233
6.36,1238
6.362,1237
6.364,1239
6.366,1240
6.368,1230
6.37,1247
6.372,1234
6.374,1242
6.376,1246
6.378,1250
6.38,1250
6.382,1262
6.384,1255
6.386,1257
6.388,1253
6.39,1262
6.392,1261
6.394,1261
6.396,1262
6.398,1260
6.4,1260
6.402,1266
6.404,1261
6.406,1267
6.408,1265
6.41,1279
6.412,1262
6.414,1253
6.416,1271
6.418,1272
6.42,1264
6.422,1261
6.424,1260
6.426,1257
6.428,1249
6.43,1251
6.432,1254
6.434,1238
6.436,1229
6.438,1232
6.44,1230
6.442,1227
6.444,1218
6.446,1213
6.448,1209
6.45,1204
6.452,1187
6.454,1181
6.456,1174
6.458,1169
6.46,1168
6.462,1152
6.464,1145
6.466,1138
6.468,1132
6.47,1117
6.472,1108
6.474,1108
6.476,1102
6.478,1075
6.48,1073
6.482,1062
6.484,1054
6.486,1035
6.488,1036
6.49,1017
6.492,1017
6.494,1021
6.496,999
6.498,1018
6.5,1014
6.502,1011
6.504,1011
6.506,1011
6.508,1011
6.51,1005
6.512,1007
6.514,1011
6.516,1010
6.518,1000
6.52,1008
6.522,1009
6.524,1021
6.526,1013
6.528,1016
6.53,1014
6.532,1013
6.534,1007
6.536,1017
6.538,1019
6.54,1039
6.542,1038
6.544,1046
6.546,1040
6.548,1047
6.55,1074
6.552,1067
6.554,1079
6.556,1070
6.558,1075
6.56,1067
6.562,1055
6.564,1068
6.566,1059
6.568,1053
6.57,1062
6.572,1043
6.574,1034
6.576,1018
6.578,1018
6.58,1015
6.582,1008
6.584,1012
6.586,1012
6.588,1013
6.59,1009
6.592,1016
6.594,997
6.596,1015
6.598,1019
6.6,1014
6.602,1016
6.604,1024
6.606,1008
6.608,1015
6.61,1021
6.612,1007
6.614,1009
6.616,1009
6.618,1014
6.62,1018
6.622,1010
6.624,1013
6.626,1013
6.628,1014
6.63,1012
6.632,1006
6.634,1010
6.636,1021
6.638,1013
6.64,997
6.642,1018
6.644,1004
6.646,1014
6.648,1021
6.65,1014
6.652,1008
6.654,1013
6.656,1023
6.658,1019
6.66,1018
6.662,1013
6.664,1003
6.666,1022
6.668,1018
6.67,1016
6.672,1017
6.674,1004
6.676,1006
6.678,1012
6.68,1013
6.682,1018
6.684,1024
6.686,1016
6.688,1008
6.69,1019
6.692,1010
6.694,1004
6.696,1009
6.698,1021
6.7,1016
6.702,1006
6.704,1011
6.706,1008
6.708,1016
6.71,1015
6.712,1015
6.714,1007
6.716,1016
6.718,1016
6.72,1000
6.722,1009
6.724,1009
6.726,1013
6.728,1010
6.73,999
6.732,1020
6.734,1017
6.736,1016
6.738,1012
6.74,1014
6.742,1006
6.744,1012
6.746,1008
6.748,1004
6.75,1023
6.752,1022
6.754,1002
6.756,1019
6.758,1005
6.76,1010
6.762,1012
6.764,1007
6.766,1009
6.768,1022
6.77,1016
6.772,1010
6.774,997
6.776,1016
6.778,1010
6.78,1003
6.782,1018
6.784,1024
6.786,1001
6.788,1006
6.79,1014
6.792,1000
6.794,1007
6.796,1013
6.798,1018
6.8,1008
6.802,1009
6.804,1020
6.806,1020
6.808,1011
6.81,1012
6.812,1011
6.814,1010
6.816,1019
6.818,1008
6.82,1015
6.822,1001
6.824,1009
6.826,1013
6.828,1006
6.83,1012
6.832,1014
6.834,1018
6.836,1010
6.838,1027
6.84,1019
6.842,1024
6.844,1024
6.846,1042
6.848,1037
6.85,1055
6.852,1058
6.854,1055
6.856,1075
6.858,1079
6.86,1082
6.862,1105
6.864,1103
6.866,1110
6.868,1110
6.87,1116
6.872,1127
6.874,1138
6.876,1131
6.878,1135
6.88,1143
6.882,1142
6.884,1144
6.886,1159
6.888,1167
6.89,1161
6.892,1169
6.894,1180
6.896,1174
6.898,1174
6.9,1177
6.902,1177
6.904,1178
6.906,1174
6.908,1180
6.91,1168
6.912,1187
6.914,1180
6.916,1180
6.918,1173
6.92,1170
6.922,1171
6.924,1158
6.926,1167
6.928,1149
6.93,1135
6.932,1125
6.934,1114
6.936,1110
6.938,1093
6.94,1074
6.942,1055
6.944,1052
6.946,1037
6.948,1024
6.95,1001
6.952,1014
6.954,1033
6.956,1009
6.958,1016
6.96,1025
6.962,1007
6.964,1019
6.966,1021
6.968,1019
6.97,1023
6.972,1014
6.974,1010
6.976,1014
6.978,1012
6.98,1009
6.982,1005
6.984,997
6.986,1017
6.988,1014
6.99,1007
6.992,1015
6.994,1007
6.996,1010
6.998,1004
7,1017
7.002,1010
7.004,1009
7.006,1005
7.008,1006
7.01,1027
7.012,1007
7.014,1018
7.016,1006
7.018,1019
7.02,1005
7.022,1006
7.024,1013
7.026,1008
7.028,993
7.03,982
7.032,971
7.034,941
7.036,918
7.038,894
7.04,840
7.042,804
7.044,788
7.046,898
7.048,1031
7.05,1173
7.052,1289
7.054,1409
7.056,1527
7.058,1680
7.06,1807
7.062,1916
7.064,2049
7.066,2181
7.068,2309
7.07,2404
7.072,2325
7.074,2202
7.076,2079
7.078,1953
7.08,1825
7.082,1696
7.084,1563
7.086,1437
7.088,1317
7.09,1186
7.092,1065
7.094,931
7.096,797
7.098,673
7.1,619
7.102,696
7.104,765
7.106,807
7.108,858
7.11,902
7.112,941
7.114,971
7.116,989
7.118,1004
7.12,1013
7.122,1015
7.124,1011
7.126,1015
7.128,1009
7.13,1023
7.132,1008
7.134,1020
7.136,1018
7.138,1017
7.14,1006
7.142,1015
7.144,1002
7.146,1013
7.148,1020
7.15,1005
7.152,1012
7.154,1013
7.156,1011
7.158,1014
7.16,1005
7.162,1025
7.164,1029
7.166,1004
7.168,1008
7.17,1006
7.172,1006
7.174,1011
7.176,1010
7.178,1010
7.18,1017
7.182,1013
7.184,1009
7.186,1021
7.188,1020
7.19,1018
7.192,1014
7.194,1018
7.196,1010
7.198,1009
7.2,1011
7.202,1012
7.204,1013
7.206,1012
7.208,1007
7.21,1015
7.212,1013
7.214,1005
7.216,1015
7.218,1000
7.22,1012
7.222,1019
7.224,1014
7.226,1008
7.228,1008
7.23,1005
7.232,1007
7.234,1018
7.236,1007
7.238,1026
7.24,1023
7.242,1009
7.244,1007
7.246,1008
7.248,1015
7.25,1019
7.252,1011
7.254,1018
7.256,1004
7.258,1012
7.26,1017
7.262,1003
7.264,1018
7.266,1028
7.268,1024
7.27,1035
7.272,1029
7.274,1054
7.276,1051
7.278,1060
7.28,1055
7.282,1079
7.284,1078
7.286,1074
7.288,1075
7.29,1083
7.292,1090
7.294,1108
7.296,1103
7.298,1120
7.3,1111
7.302,1105
7.304,1133
7.306,1135
7.308,1136
7.31,1130
7.312,1141
7.314,1146
7.316,1148
7.318,1153
7.32,1167
7.322,1168
7.324,1163
7.326,1162
7.328,1167
7.33,1174
7.332,1182
7.334,1192
7.336,1189
7.338,1191
7.34,1190
7.342,1219
7.344,1207
7.346,1198
7.348,1210
7.35,1211
7.352,1218
7.354,1230
7.356,1224
7.358,1228
7.36,1228
7.362,1239
7.364,1233
7.366,1239
7.368,1237
7.37,1243
7.372,1245
7.374,1250
7.376,1253
7.378,1256
7.38,1251
7.382,1251
7.384,1258
7.386,1258
7.388,1250
7.39,1257
7.392,1260
7.394,1261
7.396,1264
7.398,1261
7.4,1267
7.402,1265
7.404,1263
7.406,1255
7.408,1266
7.41,1259
7.412,1275
7.414,1263
7.416,1267
7.418,1264
7.42,1251
7.422,1264
7.424,1261
7.426,1263
7.428,1260
7.43,1257
7.432,1262
7.434,1248
7.436,1243
7.438,1237
7.44,1228
7.442,1229
7.444,1217
7.446,1212
7.448,1211
7.45,1196
7.452,1187
7.454,1195
7.456,1170
7.458,1172
7.46,1153
7.462,1162
7.464,1142
7.466,1129
7.468,1122
7.47,1116
7.472,1103
7.474,1106
7.476,1093
7.478,1085
7.48,1065
7.482,1067
7.484,1057
7.486,1036
7.488,1024
7.49,1021
7.492,1003
7.494,1008
7.496,1008
7.498,1020
7.5,1015
7.502,1009
7.504,1013
7.506,1008
7.508,1012
7.51,1009
7.512,1007
7.514,1012
7.516,1008
7.518,1025
7.52,996
7.522,1008
7.524,1024
7.526,1011
7.528,1015
7.53,1026
7.532,1015
7.534,1007
7.536,1024
7.538,1019
7.54,1022
7.542,1045
7.544,1051
7.546,1048
7.548,1053
7.55,1063
7.552,1048
7.554,1057
7.556,1067
7.558,1071
7.56,1059
7.562,1072
7.564,1063
7.566,1073
7.568,1060
7.57,1048
7.572,1055
7.574,1048
7.576,1012
7.578,1017
7.58,1001
7.582,1023
7.584,1021
7.586,1010
7.588,1013
7.59,1005
7.592,1003
7.594,1013
7.596,1014
7.598,1024
7.6,1020
7.602,1016
7.604,1036
7.606,1013
7.608,1005
7.61,1013
7.612,1010
7.614,1017
7.616,1018
7.618,1010
7.62,1020
7.622,1016
7.624,1007
7.626,1014
7.628,1014
7.63,1015
7.632,1021
7.634,999
7.636,1011
7.638,1006
7.64,1006
7.642,1011
7.644,1022
7.646,1022
7.648,1017
7.65,1012
7.652,1007
7.654,1018
7.656,999
7.658,1018
7.66,1002
7.662,1014
7.664,1009
7.666,1019
7.668,1003
7.67,1016
7.672,1011
7.674,1001
7.676,1013
7.678,997
7.68,1016
7.682,1015
7.684,1023
7.686,1019
7.688,1014
7.69,998
7.692,1015
7.694,1021
7.696,1009
7.698,1012
7.7,1011
7.702,1011
7.704,1009
7.706,1006
7.708,1017
7.71,1020
7.712,1023
7.714,1020
7.716,1001
7.718,1019
7.72,1030
7.722,1003
7.724,1013
7.726,1006
7.728,1013
7.73,1006
7.732,1014
7.734,1012
7.736,1006
7.738,1015
7.74,1009
7.742,1012
7.744,1010
7.746,1017
7.748,1012
7.75,1013
7.752,1011
7.754,1021
7.756,1008
7.758,1009
7.76,1011
7.762,1013
7.764,1011
7.766,1023
7.768,1011
7.77,1016
7.772,1008
7.774,1018
7.776,1009
7.778,1012
7.78,1017
7.782,1006
7.784,1018
7.786,1009
7.788,1001
7.79,1011
7.792,1004
7.794,996
7.796,1007
7.798,1013
7.8,1006
7.802,1008
7.804,1012
7.806,999
7.808,1015
7.81,1014
7.812,1017
7.814,1008
7.816,1013
7.818,1029
7.82,1025
7.822,1014
7.824,1019
7.826,1009
7.828,1004
7.83,1019
7.832,1011
7.834,1010
7.836,1003
7.838,1010
7.84,1018
7.842,1017
7.844,1030
7.846,1030
7.848,1037
7.85,1048
7.852,1057
7.854,1065
7.856,1077
7.858,1083
7.86,1091
7.862,1090
7.864,1102
7.866,1099
7.868,1104
7.87,1114
7.872,1134
7.874,1116
7.876,1129
7.878,1141
7.88,1139
7.882,1147
7.884,1168
7.886,1152
7.888,1166
7.89,1163
7.892,1164
7.894,1167
7.896,1167
7.898,1177
7.9,1162
7.902,1177
7.904,1176
7.906,1190
7.908,1180
7.91,1190
7.912,1186
7.914,1177
7.916,1173
7.918,1183
7.92,1179
7.922,1167
7.924,1173
7.926,1154
7.928,1144
7.93,1140
7.932,1130
7.934,1106
7.936,1103
7.938,1094
7.94,1071
7.942,1053
7.944,1047
7.946,1042
7.948,1019
7.95,1012
7.952,1010
7.954,1024
7.956,1017
7.958,1006
7.96,1021
7.962,1006
7.964,1001
7.966,1020
7.968,1013
7.97,1017
7.972,1013
7.974,1009
7.976,1013
7.978,1016
7.98,1013
7.982,1009
7.984,998
7.986,1009
7.988,1013
7.99,1015
7.992,1010
7.994,1006
7.996,1016
7.998,1018
8,1013
8.002,1012
8.004,1017
8.006,1012
8.008,1006
8.01,1006
8.012,1009
8.014,1011
8.016,1009
8.018,1011
8.02,1008
8.022,1008
8.024,1009
8.026,1011
8.028,992
8.03,995
8.032,965
8.034,940
8.036,899
8.038,890
8.04,847
8.042,806
8.044,791
8.046,900
8.048,1030
8.05,1164
8.052,1284
8.054,1418
8.056,1544
8.058,1676
8.06,1809
8.062,1928
8.064,2067
8.066,2182
8.068,2304
8.07,2407
8.072,2322
8.074,2207
8.076,2076
8.078,1946
8.08,1819
8.082,1691
8.084,1574
8.086,1447
8.088,1304
8.09,1192
8.092,1063
8.094,938
8.096,803
8.098,684
8.1,617
8.102,690
8.104,751
8.106,815
8.108,859
8.11,906
8.112,946
8.114,971
8.116,990
8.118,995
8.12,1022
8.122,1009
8.124,1004
8.126,1013
8.128,1011
8.13,1014
8.132,1001
8.134,1011
8.136,1007
8.138,1016
8.14,1006
8.142,1019
8.144,1014
8.146,1007
8.148,1013
8.15,997
8.152,1016
8.154,1016
8.156,1009
8.158,1010
8.16,1030
8.162,1008
8.164,1014
8.166,1006
8.168,1018
8.17,1012
8.172,1014
8.174,1012
8.176,1024
8.178,1021
8.18,1011
8.182,1011
8.184,1011
8.186,1024
8.188,1007
8.19,1006
8.192,1015
8.194,998
8.196,1006
8.198,1006
8.2,1010
8.202,1020
8.204,1008
8.206,1020
8.208,1025
8.21,1014
8.212,1011
8.214,1018
8.216,1014
8.218,1006
8.22,1008
8.222,997
8.224,1007
8.226,1025
8.228,1029
8.23,1008
8.232,1019
8.234,1014
8.236,1017
8.238,1021
8.24,1016
8.242,1005
8.244,1010
8.246,1024
8.248,1015
8.25,1016
8.252,1007
8.254,1016
8.256,1016
8.258,1000
8.26,1011
8.262,1014
8.264,1019
8.266,1030
8.268,1041
8.27,1042
8.272,1043
8.274,1053
8.276,1060
8.278,1066
8.28,1067
8.282,1063
8.284,1080
8.286,1083
8.288,1084
8.29,1084
8.292,1099
8.294,1109
8.296,1102
8.298,1109
8.3,1100
8.302,1125
8.304,1127
8.306,1138
8.308,1133
8.31,1135
8.312,1147
8.314,1143
8.316,1156
8.318,1150
8.32,1160
8.322,1159
8.324,1162
8.326,1175
8.328,1183
8.33,1166
8.332,1177
8.334,1200
8.336,1189
8.338,1205
8.34,1193
8.342,1199
8.344,1203
8.346,1205
8.348,1211
8.35,1216
8.352,1219
8.354,1219
8.356,1223
8.358,1236
8.36,1231
8.362,1237
8.364,1231
8.366,1236
8.368,1230
8.37,1245
8.372,1246
8.374,1240
8.376,1244
8.378,1267
8.38,1249
8.382,1253
8.384,1248
8.386,1263
8.388,1262
8.39,1257
8.392,1249
8.394,1260
8.396,1269
8.398,1259
8.4,1260
8.402,1256
8.404,1275
8.406,1255
8.408,1269
8.41,1275
8.412,1266
8.414,1267
8.416,1264
8.418,1265
8.42,1268
8.422,1261
8.424,1250
8.426,1269
8.428,1249
8.43,1257
8.432,1241
8.434,1243
8.436,1242
8.438,1240
8.44,1230
8.442,1222
8.444,1213
8.446,1211
8.448,1204
8.45,1196
8.452,1187
8.454,1180
8.456,1174
8.458,1170
8.46,1174
8.462,1161
8.464,1144
8.466,1137
8.468,1127
8.47,1117
8.472,1112
8.474,1106
8.476,1093
8.478,1083
8.48,1075
8.482,1066
8.484,1048
8.486,1043
8.488,1031
8.49,1017
8.492,1015
8.494,1015
8.496,1013
8.498,1011
8.5,1013
8.502,997
8.504,1021
8.506,1010
8.508,1023
8.51,1025
8.512,1004
8.514,999
8.516,1004
8.518,1021
8.52,1008
8.522,999
8.524,1011
8.526,1015
8.528,1011
8.53,1015
8.532,1015
8.534,1017
8.536,1023
8.538,1016
8.54,1033
8.542,1024
8.544,1037
8.546,1041
8.548,1058
8.55,1069
8.552,1051
8.554,1070
8.556,1068
8.558,1073
8.56,1063
8.562,1069
8.564,1088
8.566,1064
8.568,1054
8.57,1052
8.572,1047
8.574,1007
8.576,1016
8.578,1018
8.58,1020
8.582,1000
8.584,1001
8.586,1012
8.588,1008
8.59,1022
8.592,1006
8.594,1015
8.596,1004
8.598,1011
8.6,1007
8.602,1016
8.604,1016
8.606,1015
8.608,1006
8.61,1023
8.612,1012
8.614,1011
8.616,999
8.618,1003
8.62,1011
8.622,1016
8.624,1010
8.626,1013
8.628,1007
8.63,1009
8.632,1017
8.634,1019
8.636,1023
8.638,1011
8.64,1011
8.642,1013
8.644,998
8.646,1012
8.648,1005
8.65,1015
8.652,993
8.654,1012
8.656,1013
8.658,1007
8.66,1008
8.662,998
8.664,1018
8.666,1016
8.668,987
8.67,1014
8.672,1031
8.674,1019
8.676,1008
8.678,1008
8.68,1016
8.682,1013
8.684,1005
8.686,1025
8.688,1006
8.69,1005
8.692,1011
8.694,1008
8.696,1004
8.698,1014
8.7,1031
8.702,1016
8.704,1018
8.706,1013
8.708,1014
8.71,1013
8.712,1008
8.714,1014
8.716,1012
8.718,1018
8.72,1010
8.722,1023
8.724,1008
8.726,1001
8.728,1010
8.73,1010
8.732,1000
8.734,1022
8.736,999
8.738,1002
8.74,1014
8.742,1018
8.744,1014
8.746,1014
8.748,1014
8.75,1008
8.752,1019
8.754,1015
8.756,996
8.758,997
8.76,1019
8.762,1013
8.764,1002
8.766,1010
8.768,1011
8.77,1012
8.772,1008
8.774,1008
8.776,1013
8.778,1004
8.78,1015
8.782,1003
8.784,1017
8.786,1007
8.788,1011
8.79,1008
8.792,1016
8.794,1012
8.796,1014
8.798,1014
8.8,1004
8.802,1016
8.804,1017
8.806,1015
8.808,1013
8.81,1027
8.812,1009
8.814,1031
8.816,1003
8.818,1007
8.82,1019
8.822,1009
8.824,1003
8.826,1015
8.828,1009
8.83,997
8.832,1003
8.834,1002
8.836,1003
8.838,990
8.84,1015
8.842,1016
8.844,1018
8.846,1037
8.848,1048
8.85,1054
8.852,1053
8.854,1066
8.856,1076
8.858,1083
8.86,1087
8.862,1102
8.864,1091
8.866,1097
8.868,1110
8.87,1116
8.872,1120
8.874,1121
8.876,1135
8.878,1137
8.88,1141
8.882,1159
8.884,1151
8.886,1154
8.888,1170
8.89,1158
8.892,1173
8.894,1175
8.896,1186
8.898,1176
8.9,1167
8.902,1177
8.904,1184
8.906,1182
8.908,1179
8.91,1182
8.912,1173
8.914,1185
8.916,1179
8.918,1183
8.92,1169
8.922,1177
8.924,1161
8.926,1158
8.928,1147
8.93,1129
8.932,1125
8.934,1104
8.936,1103
8.938,1078
8.94,1078
8.942,1067
8.944,1057
8.946,1030
8.948,1028
8.95,1022
8.952,1002
8.954,1016
8.956,1018
8.958,1019
8.96,1029
8.962,1012
8.964,1013
8.966,1007
8.968,1011
8.97,1019
8.972,1020
8.974,1017
8.976,998
8.978,1009
8.98,1002
8.982,1009
8.984,1016
8.986,1009
8.988,1013
8.99,1014
8.992,1012
8.994,1002
8.996,1009
8.998,1017
9,1014
9.002,1016
9.004,1020
9.006,1007
9.008,1016
9.01,1005
9.012,1011
9.014,1008
9.016,1013
9.018,1025
9.02,1006
9.022,1013
9.024,1004
9.026,1015
9.028,997
9.03,979
9.032,964
9.034,951
9.036,916
9.038,889
9.04,851
9.042,810
9.044,793
9.046,905
9.048,1025
9.05,1155
9.052,1287
9.054,1410
9.056,1533
9.058,1670
9.06,1801
9.062,1921
9.064,2054
9.066,2178
9.068,2297
9.07,2403
9.072,2335
9.074,2213
9.076,2078
9.078,1954
9.08,1831
9.082,1705
9.084,1583
9.086,1439
9.088,1309
9.09,1195
9.092,1066
9.094,933
9.096,798
9.098,674
9.1,615
9.102,697
9.104,755
9.106,817
9.108,856
9.11,902
9.112,938
9.114,974
9.116,997
9.118,1005
9.12,1026
9.122,1011
9.124,1006
9.126,1024
9.128,1010
9.13,993
9.132,1012
9.134,1010
9.136,1004
9.138,1011
9.14,1024
9.142,1019
9.144,1020
9.146,1017
9.148,1017
9.15,1016
9.152,1015
9.154,1010
9.156,1007
9.158,1020
9.16,1007
9.162,996
9.164,1012
9.166,1017
9.168,1010
9.17,1026
9.172,1022
9.174,1020
9.176,1010
9.178,1006
9.18,1010
9.182,1017
9.184,1009
9.186,1012
9.188,1003
9.19,1020
9.192,1010
9.194,1012
9.196,1013
9.198,1007
9.2,1008
9.202,1010
9.204,1010
9.206,1016
9.208,1007
9.21,1013
9.212,1010
9.214,1019
9.216,1019
9.218,1012
9.22,1015
9.222,1013
9.224,1019
9.226,1015
9.228,1018
9.23,1014
9.232,1019
9.234,1011
9.236,1013
9.238,1013
9.24,1011
9.242,1011
9.244,1012
9.246,1008
9.248,1022
9.25,1020
9.252,996
9.254,1006
9.256,1021
9.258,1015
9.26,1021
9.262,1016
9.264,1006
9.266,1019
9.268,1037
9.27,1029
9.272,1044
9.274,1051
9.276,1052
9.278,1059
9.28,1066
9.282,1070
9.284,1066
9.286,1081
9.288,1081
9.29,1086
9.292,1096
9.294,1093
9.296,1100
9.298,1099
9.3,1112
9.302,1127
9.304,1122
9.306,1128
9.308,1129
9.31,1146
9.312,1137
9.314,1150
9.316,1156
9.318,1160
9.32,1159
9.322,1163
9.324,1160
9.326,1156
9.328,1177
9.33,1182
9.332,1193
9.334,1182
9.336,1199
9.338,1186
9.34,1193
9.342,1199
9.344,1203
9.346,1207
9.348,1213
9.35,1208
9.352,1215
9.354,1221
9.356,1217
9.358,1233
9.36,1231
9.362,1233
9.364,1244
9.366,1233
9.368,1242
9.37,1242
9.372,1249
9.374,1243
9.376,1268
9.378,1251
9.38,1253
9.382,1259
9.384,1254
9.386,1255
9.388,1246
9.39,1249
9.392,1257
9.394,1268
9.396,1248
9.398,1280
9.4,1262
9.402,1262
9.404,1269
9.406,1268
9.408,1270
9.41,1271
9.412,1265
9.414,1273
9.416,1268
9.418,1265
9.42,1266
9.422,1259
9.424,1267
9.426,1258
9.428,1258
9.43,1249
9.432,1247
9.434,1250
9.436,1236
9.438,1231
9.44,1236
9.442,1227
9.444,1213
9.446,1205
9.448,1208
9.45,1192
9.452,1191
9.454,1188
9.456,1179
9.458,1165
9.46,1160
9.462,1145
9.464,1147
9.466,1142
9.468,1130
9.47,1116
9.472,1109
9.474,1098
9.476,1084
9.478,1078
9.48,1075
9.482,1064
9.484,1058
9.486,1051
9.488,1037
9.49,1013
9.492,1006
9.494,1008
9.496,1016
9.498,1006
9.5,1011
9.502,1017
9.504,1010
9.506,1016
9.508,1027
9.51,1013
9.512,1019
9.514,1014
9.516,1021
9.518,1009
9.52,1009
9.522,1017
9.524,1016
9.526,1015
9.528,997
9.53,1015
9.532,1007
9.534,1015
9.536,1025
9.538,1024
9.54,1026
9.542,1026
9.544,1029
9.546,1050
9.548,1060
9.55,1069
9.552,1073
9.554,1072
9.556,1069
9.558,1070
9.56,1071
9.562,1069
9.564,1071
9.566,1059
9.568,1051
9.57,1064
9.572,1044
9.574,1026
9.576,1044
9.578,1007
9.58,1016
9.582,1011
9.584,1013
9.586,1026
9.588,1004
9.59,1017
9.592,1015
9.594,1014
9.596,1025
9.598,1013
9.6,1017
9.602,1000
9.604,1014
9.606,1007
9.608,1009
9.61,1012
9.612,1013
9.614,1023
9.616,1015
9.618,1010
9.62,1009
9.622,1011
9.624,1009
9.626,1011
9.628,1012
9.63,1023
9.632,1010
9.634,1005
9.636,1013
9.638,1009
9.64,1007
9.642,1003
9.644,1018
9.646,1014
9.648,1011
9.65,1022
9.652,1009
9.654,1007
9.656,1025
9.658,994
9.66,1007
9.662,1006
9.664,1016
9.666,1017
9.668,1009
9.67,1014
9.672,1011
9.674,1014
9.676,1004
9.678,1013
9.68,1012
9.682,1008
9.684,1012
9.686,1018
9.688,1010
9.69,1017
9.692,1004
9.694,1003
9.696,1006
9.698,1009
9.7,1008
9.702,1020
9.704,1029
9.706,1024
9.708,999
9.71,1005
9.712,1006
9.714,1019
9.716,1019
9.718,1008
9.72,1020
9.722,1026
9.724,1018
9.726,1018
9.728,1005
9.73,1014
9.732,1022
9.734,1009
9.736,1007
9.738,1008
9.74,1003
9.742,1003
9.744,1012
9.746,1003
9.748,1016
9.75,1016
9.752,1015
9.754,1004
9.756,1008
9.758,1014
9.76,1028
9.762,1018
9.764,1010
9.766,1013
9.768,1009
9.77,1020
9.772,1017
9.774,1012
9.776,1010
9.778,1011
9.78,1007
9.782,1020
9.784,1011
9.786,1010
9.788,1003
9.79,1005
9.792,1008
9.794,1011
9.796,1010
9.798,1007
9.8,1015
9.802,1015
9.804,1015
9.806,1013
9.808,1014
9.81,1007
9.812,1021
9.814,1017
9.816,1007
9.818,1002
9.82,1011
9.822,1007
9.824,1011
9.826,1012
9.828,1026
9.83,1012
9.832,1014
9.834,1015
9.836,1005
9.838,997
9.84,1022
9.842,1018
9.844,1023
9.846,1034
9.848,1049
9.85,1048
9.852,1051
9.854,1067
9.856,1079
9.858,1082
9.86,1086
9.862,1097
9.864,1100
9.866,1112
9.868,1117
9.87,1111
9.872,1121
9.874,1134
9.876,1147
9.878,1137
9.88,1148
9.882,1144
9.884,1139
9.886,1159
9.888,1159
9.89,1161
9.892,1162
9.894,1160
9.896,1171
9.898,1173
9.9,1174
9.902,1180
9.904,1188
9.906,1175
9.908,1187
9.91,1182
9.912,1179
9.914,1184
9.916,1182
9.918,1179
9.92,1176
9.922,1166
9.924,1167
9.926,1147
9.928,1147
9.93,1133
9.932,1125
9.934,1120
9.936,1090
9.938,1086
9.94,1081
9.942,1061
9.944,1052
9.946,1045
9.948,1019
9.95,1015
9.952,1013
9.954,994
9.956,1016
9.958,1027
9.96,1006
9.962,1015
9.964,1016
9.966,1021
9.968,1010
9.97,1013
9.972,1010
9.974,1016
9.976,1015
9.978,1007
9.98,1009
9.982,1017
9.984,1013
9.986,1013
9.988,1012
9.99,999
9.992,1015
9.994,1015
9.996,1016
9.998,1005
10,1023
10.002,1010
10.004,1013
10.006,1013
10.008,1015
10.01,1015
10.012,1011
10.014,1015
10.016,1010
10.018,1014
10.02,1020
10.022,1012
10.024,1021
10.026,1014
10.028,1008
10.03,989
10.032,968
10.034,949
10.036,919
10.038,887
10.04,849
10.042,822
10.044,794
10.046,897
10.048,1041
10.05,1161
10.052,1274
10.054,1408
10.056,1550
10.058,1669
10.06,1792
10.062,1922
10.064,2052
10.066,2178
10.068,2298
10.07,2406
10.072,2326
10.074,2207
10.076,2080
10.078,1959
10.08,1829
10.082,1700
10.084,1588
10.086,1439
10.088,1326
10.09,1192
10.092,1063
10.094,927
10.096,813
10.098,675
10.1,619
10.102,697
10.104,756
10.106,816
10.108,856
10.11,906
10.112,949
10.114,967
10.116,992
10.118,1009
10.12,1004
10.122,1010
10.124,1013
10.126,1022
10.128,1025
10.13,999
10.132,1011
10.134,1008
10.136,1010
10.138,1028
10.14,1008
10.142,1027
10.144,1005
10.146,1002
10.148,1004
10.15,1008
10.152,1005
10.154,1005
10.156,1014
10.158,1004
10.16,1007
10.162,1014
10.164,1011
10.166,1003
10.168,1017
10.17,1015
10.172,997
10.174,1018
10.176,1012
10.178,1007
10.18,1018
10.182,1006
10.184,1018
10.186,1021
10.188,1017
10.19,1018
10.192,1014
10.194,1013
10.196,1003
10.198,1014
10.2,1003
10.202,1022
10.204,1015
10.206,1010
10.208,1021
10.21,1007
10.212,1033
10.214,1012
10.216,1008
10.218,1014
10.22,1016
10.222,1004
10.224,1008
10.226,1009
10.228,1017
10.23,1006
10.232,1008
10.234,1015
10.236,1020
10.238,1011
10.24,1010
10.242,1011
10.244,1005
10.246,1007
10.248,1001
10.25,1005
10.252,1016
10.254,1019
10.256,1019
10.258,1004
10.26,1010
10.262,1031
10.264,1019
10.266,1012
10.268,1031
10.27,1040
10.272,1035
10.274,1051
10.276,1049
10.278,1055
10.28,1077
10.282,1069
10.284,1084
10.286,1074
10.288,1084
10.29,1091
10.292,1098
10.294,1105
10.296,1100
10.298,1106
10.3,1110
10.302,1123
10.304,1135
10.306,1134
10.308,1129
10.31,1126
10.312,1132
10.314,1156
10.316,1158
10.318,1159
10.32,1162
10.322,1164
10.324,1171
10.326,1165
10.328,1174
10.33,1177
10.332,1182
10.334,1196
10.336,1188
10.338,1193
10.34,1201
10.342,1201
10.344,1211
10.346,1205
10.348,1208
10.35,1208
10.352,1214
10.354,1205
10.356,1218
10.358,1227
10.36,1236
10.362,1234
10.364,1239
10.366,1244
10.368,1228
10.37,1245
10.372,1237
10.374,1233
10.376,1242
10.378,1252
10.38,1256
10.382,1260
10.384,1254
10.386,1266
10.388,1258
10.39,1255
10.392,1259
10.394,1264
10.396,1281
10.398,1264
10.4,1277
10.402,1259
10.404,1250
10.406,1274
10.408,1263
10.41,1270
10.412,1272
10.414,1268
10.416,1264
10.418,1256
10.42,1271
10.422,1257
10.424,1257
10.426,1256
10.428,1252
10.43,1251
10.432,1251
10.434,1248
10.436,1248
10.438,1233
10.44,1227
10.442,1223
10.444,1211
10.446,1223
10.448,1197
10.45,1194
10.452,1189
10.454,1201
10.456,1174
10.458,1165
10.46,1166
10.462,1158
10.464,1141
10.466,1138
10.468,1132
10.47,1131
10.472,1099
10.474,1105
10.476,1088
10.478,1086
10.48,1077
10.482,1053
10.484,1055
10.486,1050
10.488,1022
10.49,1021
10.492,1009
10.494,1020
10.496,1012
10.498,1016
10.5,1006
10.502,1002
10.504,1025
10.506,1005
10.508,1008
10.51,1018
10.512,1006
10.514,1008
10.516,1030
10.518,1014
10.52,1010
10.522,1015
10.524,1014
10.526,1013
10.528,1009
10.53,1018
10.532,1016
10.534,1012
10.536,1018
10.538,1013
10.54,1022
10.542,1029
10.544,1049
10.546,1052
10.548,1056
10.55,1053
10.552,1069
10.554,1074
10.556,1066
10.558,1075
10.56,1076
10.562,1072
10.564,1074
10.566,1070
10.568,1059
10.57,1038
10.572,1028
10.574,1039
10.576,1023
10.578,1008
10.58,1009
10.582,1014
10.584,993
10.586,1013
10.588,1009
10.59,1003
10.592,1003
10.594,1010
10.596,1017
10.598,1007
10.6,1014
10.602,1020
10.604,1007
10.606,1007
10.608,1019
10.61,1006
10.612,1013
10.614,1007
10.616,1007
10.618,1012
10.62,1013
10.622,1018
10.624,1010
10.626,1013
10.628,995
10.63,1014
10.632,1008
10.634,1003
10.636,1027
10.638,1012
10.64,1010
10.642,1021
10.644,1005
10.646,1010
10.648,1016
10.65,1000
10.652,1017
10.654,1016
10.656,1029
10.658,1016
10.66,1018
10.662,1020
10.664,1028
10.666,1019
10.668,1027
10.67,1012
10.672,1010
10.674,1033
10.676,1005
10.678,1012
10.68,1002
10.682,1006
10.684,1009
10.686,1011
10.688,998
10.69,1017
10.692,1006
10.694,1013
10.696,1005
10.698,1009
10.7,1009
10.702,1023
10.704,1015
10.706,1009
10.708,1005
10.71,1024
10.712,1013
10.714,1012
10.716,1014
10.718,1013
10.72,1014
10.722,1027
10.724,1002
10.726,1005
10.728,1010
10.73,1021
10.732,993
10.734,1012
10.736,1006
10.738,1009
10.74,1020
10.742,1011
10.744,1007
10.746,1014
10.748,1020
10.75,1015
10.752,1011
10.754,1004
10.756,1010
10.758,1020
10.76,1008
10.762,1009
10.764,1013
10.766,1002
10.768,1011
10.77,1011
10.772,1014
10.774,1012
10.776,1006
10.778,1006
10.78,1004
10.782,1015
10.784,1011
10.786,1
